ID;VALUE;TIMESTAMP
0;0.010681;53199
1;0.003815;53200
2;-0.003052;53201
3;-0.006866;53202
4;-0.010681;53203
5;-0.021362;53204
6;-0.016785;53205
7;0.006866;53206
8;0.008392;53207
9;0.001526;53208
10;-0.005341;53209
11;-0.006866;53210
12;-0.026703;53211
13;-0.019836;53212
14;-0.016785;53213
15;-0.002289;53214
16;0.003815;53215
17;0.006866;53216
18;0.003815;53217
19;0.000000;53218
20;-0.011444;53219
21;-0.018311;53220
22;-0.032043;53221
23;-0.016022;53222
24;-0.006866;53223
25;0.005341;53224
26;0.001526;53225
27;-0.003052;53226
28;-0.016785;53227
29;-0.012970;53228
30;-0.020599;53229
31;-0.012970;53230
32;0.002289;53231
33;0.005341;53232
34;-0.002289;53233
35;-0.006866;53234
36;-0.010681;53235
37;-0.021362;53236
38;-0.019073;53237
39;-0.003052;53238
40;0.000763;53239
41;0.003052;53240
42;0.000763;53241
43;-0.000763;53242
44;-0.009155;53243
45;-0.019836;53244
46;-0.020599;53245
47;-0.012207;53246
48;0.003815;53247
49;0.002289;53248
50;-0.005341;53249
51;0.003052;53250
52;-0.006866;53251
53;-0.010681;53252
54;-0.020599;53253
55;-0.024414;53254
56;-0.017548;53255
57;0.003815;53256
58;0.008392;53257
59;0.003052;53258
60;0.003815;53259
61;0.003052;53260
62;-0.012207;53261
63;-0.025177;53262
64;-0.023651;53263
65;-0.005341;53264
66;0.006866;53265
67;0.003815;53266
68;0.005341;53267
69;0.001526;53268
70;-0.003052;53269
71;-0.025177;53270
72;-0.019836;53271
73;-0.004578;53272
74;0.003815;53273
75;-0.004578;53274
76;0.001526;53275
77;-0.004578;53276
78;-0.016022;53277
79;-0.025177;53278
80;-0.016022;53279
81;-0.012207;53280
82;0.006866;53281
83;0.005341;53282
84;0.003815;53283
85;-0.004578;53284
86;-0.014496;53285
87;-0.017548;53286
88;-0.016022;53287
89;-0.011444;53288
90;0.003815;53289
91;0.000763;53290
92;0.002289;53291
93;-0.000763;53292
94;-0.007629;53293
95;-0.013733;53294
96;-0.024414;53295
97;-0.020599;53296
98;0.001526;53297
99;0.006866;53298
100;0.000000;53299
101;-0.002289;53300
102;-0.004578;53301
103;-0.019836;53302
104;-0.030518;53303
105;0.000763;53304
106;0.000000;53305
107;0.005341;53306
108;0.003815;53307
109;-0.006866;53308
110;-0.006866;53309
111;-0.019073;53310
112;-0.017548;53311
113;-0.016785;53312
114;-0.003815;53313
115;0.009918;53314
116;-0.002289;53315
117;0.001526;53316
118;-0.007629;53317
119;-0.023651;53318
120;-0.019836;53319
121;-0.010681;53320
122;-0.003815;53321
123;0.002289;53322
124;0.000763;53323
125;-0.005341;53324
126;-0.023651;53325
127;-0.026703;53326
128;-0.013733;53327
129;0.000000;53328
130;0.009155;53329
131;0.003815;53330
132;-0.006104;53331
133;-0.013733;53332
134;-0.023651;53333
135;-0.023651;53334
136;-0.009155;53335
137;0.012970;53336
138;-0.000763;53337
139;0.003815;53338
140;-0.005341;53339
141;-0.019836;53340
142;-0.021362;53341
143;-0.019073;53342
144;-0.014496;53343
145;0.000763;53344
146;0.003815;53345
147;0.000000;53346
148;0.000763;53347
149;-0.000763;53348
150;-0.012207;53349
151;-0.024414;53350
152;-0.009918;53351
153;-0.004578;53352
154;0.009155;53353
155;-0.000763;53354
156;0.006866;53355
157;-0.011444;53356
158;-0.009918;53357
159;-0.022888;53358
160;-0.016785;53359
161;-0.013733;53360
162;0.006104;53361
163;0.003815;53362
164;-0.003815;53363
165;-0.009918;53364
166;-0.006866;53365
167;-0.017548;53366
168;-0.025177;53367
169;-0.009155;53368
170;-0.011444;53369
171;0.009918;53370
172;0.000763;53371
173;-0.007629;53372
174;-0.003052;53373
175;-0.010681;53374
176;-0.019073;53375
177;-0.016022;53376
178;-0.004578;53377
179;-0.000763;53378
180;0.006104;53379
181;0.000763;53380
182;0.000000;53381
183;-0.005341;53382
184;-0.025940;53383
185;-0.021362;53384
186;-0.006104;53385
187;0.002289;53386
188;0.006104;53387
189;0.000000;53388
190;-0.012207;53389
191;-0.022888;53390
192;-0.019836;53391
193;-0.003052;53392
194;-0.005341;53393
195;0.003052;53394
196;-0.004578;53395
197;-0.012970;53396
198;-0.033569;53397
199;-0.022888;53398
200;0.002289;53399
201;0.003052;53400
202;0.000000;53401
203;-0.000763;53402
204;-0.016022;53403
205;-0.020599;53404
206;-0.010681;53405
207;0.006866;53406
208;0.002289;53407
209;-0.012207;53408
210;-0.006104;53409
211;-0.009918;53410
212;-0.016022;53411
213;-0.020599;53412
214;-0.003052;53413
215;0.003815;53414
216;0.005341;53415
217;-0.004578;53416
218;-0.006866;53417
219;-0.017548;53418
220;-0.023651;53419
221;-0.009918;53420
222;0.001526;53421
223;0.006104;53422
224;0.003815;53423
225;-0.003815;53424
226;-0.025940;53425
227;-0.025177;53426
228;-0.012970;53427
229;0.006866;53428
230;0.002289;53429
231;0.000000;53430
232;0.003815;53431
233;-0.009918;53432
234;-0.025177;53433
235;-0.013733;53434
236;-0.000763;53435
237;0.006104;53436
238;-0.002289;53437
239;-0.010681;53438
240;-0.017548;53439
241;-0.025940;53440
242;-0.014496;53441
243;-0.005341;53442
244;0.007629;53443
245;-0.000763;53444
246;0.000000;53445
247;-0.004578;53446
248;-0.018311;53447
249;-0.021362;53448
250;-0.005341;53449
251;0.003815;53450
252;-0.010681;53451
253;0.001526;53452
254;-0.006866;53453
255;-0.007629;53454
256;-0.023651;53455
257;-0.022888;53456
258;-0.009918;53457
259;-0.002289;53458
260;0.003815;53459
261;0.003815;53460
262;0.000000;53461
263;-0.016785;53462
264;-0.016785;53463
265;-0.023651;53464
266;-0.009155;53465
267;-0.003052;53466
268;0.010681;53467
269;0.003815;53468
270;-0.005341;53469
271;-0.009155;53470
272;-0.019836;53471
273;-0.029755;53472
274;-0.021362;53473
275;-0.006866;53474
276;0.006866;53475
277;0.001526;53476
278;-0.006866;53477
279;-0.004578;53478
280;-0.023651;53479
281;-0.027466;53480
282;-0.013733;53481
283;0.001526;53482
284;0.006104;53483
285;-0.005341;53484
286;-0.007629;53485
287;-0.012207;53486
288;-0.017548;53487
289;-0.022888;53488
290;-0.019836;53489
291;-0.011444;53490
292;0.000000;53491
293;0.005341;53492
294;0.003052;53493
295;-0.000763;53494
296;-0.003052;53495
297;-0.016022;53496
298;-0.022888;53497
299;-0.014496;53498
300;-0.005341;53499
301;0.003815;53500
302;-0.000763;53501
303;-0.014496;53502
304;-0.026703;53503
305;-0.029755;53504
306;0.003052;53505
307;0.009155;53506
308;0.003815;53507
309;-0.006866;53508
310;-0.012207;53509
311;-0.022888;53510
312;-0.012207;53511
313;0.003052;53512
314;0.000000;53513
315;-0.000763;53514
316;-0.004578;53515
317;-0.012207;53516
318;-0.018311;53517
319;-0.022888;53518
320;-0.007629;53519
321;0.003815;53520
322;0.003815;53521
323;-0.002289;53522
324;-0.003052;53523
325;-0.014496;53524
326;-0.019073;53525
327;-0.024414;53526
328;-0.006104;53527
329;0.002289;53528
330;0.003052;53529
331;0.003815;53530
332;-0.004578;53531
333;-0.007629;53532
334;-0.022888;53533
335;-0.024414;53534
336;-0.011444;53535
337;-0.000763;53536
338;0.003815;53537
339;0.003815;53538
340;0.002289;53539
341;0.003052;53540
342;-0.007629;53541
343;-0.016785;53542
344;-0.018311;53543
345;-0.026703;53544
346;-0.016022;53545
347;-0.009155;53546
348;0.000763;53547
349;0.003815;53548
350;0.001526;53549
351;-0.005341;53550
352;-0.006866;53551
353;-0.029755;53552
354;-0.023651;53553
355;-0.019836;53554
356;-0.016785;53555
357;0.001526;53556
358;0.012207;53557
359;0.006104;53558
360;-0.003052;53559
361;0.000763;53560
362;-0.005341;53561
363;-0.010681;53562
364;-0.019836;53563
365;-0.021362;53564
366;-0.019073;53565
367;-0.003052;53566
368;0.003815;53567
369;0.001526;53568
370;0.003815;53569
371;-0.005341;53570
372;-0.013733;53571
373;-0.020599;53572
374;-0.019073;53573
375;-0.006866;53574
376;-0.007629;53575
377;0.003815;53576
378;0.003815;53577
379;0.000763;53578
380;-0.005341;53579
381;-0.016785;53580
382;-0.020599;53581
383;-0.013733;53582
384;-0.006104;53583
385;-0.000763;53584
386;0.000763;53585
387;-0.007629;53586
388;-0.012207;53587
389;-0.013733;53588
390;-0.028229;53589
391;-0.013733;53590
392;-0.006104;53591
393;0.002289;53592
394;0.000763;53593
395;-0.006104;53594
396;0.000000;53595
397;-0.012207;53596
398;-0.032043;53597
399;-0.012207;53598
400;0.000763;53599
401;0.005341;53600
402;0.003815;53601
403;-0.010681;53602
404;-0.003815;53603
405;-0.020599;53604
406;-0.023651;53605
407;-0.002289;53606
408;0.009155;53607
409;0.009155;53608
410;-0.000763;53609
411;0.000763;53610
412;-0.009155;53611
413;-0.026703;53612
414;-0.018311;53613
415;-0.003815;53614
416;0.007629;53615
417;0.001526;53616
418;-0.012207;53617
419;0.000763;53618
420;-0.003052;53619
421;-0.018311;53620
422;-0.019836;53621
423;-0.022888;53622
424;-0.019073;53623
425;-0.012970;53624
426;0.003815;53625
427;0.007629;53626
428;0.002289;53627
429;0.000000;53628
430;-0.000763;53629
431;-0.003052;53630
432;-0.017548;53631
433;-0.023651;53632
434;-0.007629;53633
435;-0.003052;53634
436;0.003052;53635
437;-0.005341;53636
438;-0.011444;53637
439;-0.006866;53638
440;-0.020599;53639
441;-0.028229;53640
442;-0.012207;53641
443;0.003052;53642
444;0.003815;53643
445;0.003815;53644
446;0.002289;53645
447;-0.002289;53646
448;-0.003052;53647
449;-0.016022;53648
450;-0.023651;53649
451;-0.031281;53650
452;-0.012207;53651
453;0.000000;53652
454;0.012970;53653
455;0.003815;53654
456;0.002289;53655
457;0.000000;53656
458;-0.006104;53657
459;-0.021362;53658
460;-0.025177;53659
461;-0.021362;53660
462;-0.017548;53661
463;-0.006104;53662
464;0.003815;53663
465;0.003815;53664
466;0.002289;53665
467;-0.007629;53666
468;-0.003052;53667
469;-0.009918;53668
470;-0.020599;53669
471;-0.030518;53670
472;-0.009918;53671
473;-0.009155;53672
474;0.003815;53673
475;0.000000;53674
476;0.003815;53675
477;0.000000;53676
478;-0.004578;53677
479;-0.009155;53678
480;-0.007629;53679
481;-0.032806;53680
482;-0.017548;53681
483;-0.000763;53682
484;0.007629;53683
485;0.000000;53684
486;0.002289;53685
487;-0.009155;53686
488;-0.006104;53687
489;-0.020599;53688
490;-0.030518;53689
491;-0.016022;53690
492;-0.003815;53691
493;-0.005341;53692
494;0.002289;53693
495;-0.004578;53694
496;-0.006104;53695
497;0.000763;53696
498;-0.005341;53697
499;-0.017548;53698
500;-0.019073;53699
501;-0.022888;53700
502;0.000000;53701
503;0.007629;53702
504;-0.000763;53703
505;-0.003052;53704
506;-0.004578;53705
507;-0.007629;53706
508;-0.017548;53707
509;-0.018311;53708
510;-0.016022;53709
511;0.001526;53710
512;0.006866;53711
513;0.009918;53712
514;-0.000763;53713
515;-0.006104;53714
516;-0.016785;53715
517;-0.024414;53716
518;-0.018311;53717
519;-0.018311;53718
520;-0.010681;53719
521;0.003815;53720
522;0.003815;53721
523;0.003052;53722
524;0.003815;53723
525;-0.003052;53724
526;-0.007629;53725
527;-0.017548;53726
528;-0.031281;53727
529;-0.021362;53728
530;-0.002289;53729
531;0.000000;53730
532;0.006866;53731
533;-0.002289;53732
534;0.003815;53733
535;-0.000763;53734
536;-0.010681;53735
537;-0.011444;53736
538;-0.016022;53737
539;-0.024414;53738
540;-0.014496;53739
541;0.001526;53740
542;0.010681;53741
543;-0.003815;53742
544;0.008392;53743
545;0.003815;53744
546;-0.007629;53745
547;-0.018311;53746
548;-0.025177;53747
549;-0.019836;53748
550;0.000000;53749
551;0.001526;53750
552;-0.003052;53751
553;-0.009155;53752
554;-0.010681;53753
555;-0.021362;53754
556;-0.013733;53755
557;0.003052;53756
558;0.001526;53757
559;-0.002289;53758
560;0.003815;53759
561;-0.000763;53760
562;-0.003815;53761
563;-0.000763;53762
564;-0.013733;53763
565;-0.017548;53764
566;-0.012207;53765
567;-0.000763;53766
568;0.008392;53767
569;0.005341;53768
570;0.003052;53769
571;-0.003815;53770
572;-0.012207;53771
573;-0.012970;53772
574;-0.021362;53773
575;-0.019836;53774
576;-0.003052;53775
577;0.003052;53776
578;-0.005341;53777
579;-0.003815;53778
580;0.003815;53779
581;-0.000763;53780
582;-0.003052;53781
583;-0.018311;53782
584;-0.025940;53783
585;-0.020599;53784
586;-0.009918;53785
587;0.006104;53786
588;0.001526;53787
589;0.000763;53788
590;-0.002289;53789
591;-0.003815;53790
592;-0.012207;53791
593;-0.020599;53792
594;-0.025177;53793
595;-0.011444;53794
596;-0.000763;53795
597;0.000763;53796
598;0.002289;53797
599;0.000000;53798
600;0.000763;53799
601;-0.009918;53800
602;-0.011444;53801
603;-0.031281;53802
604;-0.016022;53803
605;-0.003815;53804
606;0.006866;53805
607;0.009155;53806
608;0.006866;53807
609;0.003052;53808
610;-0.000763;53809
611;-0.003052;53810
612;-0.020599;53811
613;-0.016022;53812
614;-0.019836;53813
615;-0.031281;53814
616;-0.007629;53815
617;-0.004578;53816
618;0.006104;53817
619;0.003815;53818
620;-0.006866;53819
621;0.005341;53820
622;-0.004578;53821
623;-0.013733;53822
624;-0.010681;53823
625;-0.023651;53824
626;-0.016022;53825
627;-0.005341;53826
628;-0.000763;53827
629;-0.006104;53828
630;0.000000;53829
631;0.003052;53830
632;0.003815;53831
633;0.001526;53832
634;-0.006866;53833
635;-0.009155;53834
636;-0.018311;53835
637;-0.019836;53836
638;-0.031281;53837
639;-0.018311;53838
640;-0.017548;53839
641;-0.004578;53840
642;0.003815;53841
643;0.000763;53842
644;-0.006104;53843
645;-0.006866;53844
646;-0.002289;53845
647;-0.003815;53846
648;-0.019073;53847
649;-0.016785;53848
650;-0.019836;53849
651;-0.019073;53850
652;-0.006866;53851
653;-0.004578;53852
654;0.009918;53853
655;0.003815;53854
656;0.003815;53855
657;0.002289;53856
658;-0.003815;53857
659;-0.004578;53858
660;-0.011444;53859
661;-0.025940;53860
662;-0.025940;53861
663;-0.013733;53862
664;0.002289;53863
665;-0.002289;53864
666;0.003815;53865
667;-0.007629;53866
668;-0.006104;53867
669;0.000000;53868
670;-0.005341;53869
671;-0.006866;53870
672;-0.020599;53871
673;-0.025177;53872
674;-0.011444;53873
675;-0.005341;53874
676;0.001526;53875
677;-0.000763;53876
678;0.000000;53877
679;-0.002289;53878
680;0.003052;53879
681;-0.006104;53880
682;-0.011444;53881
683;-0.019073;53882
684;-0.019073;53883
685;-0.017548;53884
686;-0.011444;53885
687;-0.007629;53886
688;0.006866;53887
689;0.002289;53888
690;-0.000763;53889
691;0.003815;53890
692;-0.007629;53891
693;-0.022888;53892
694;-0.026703;53893
695;-0.029755;53894
696;-0.016022;53895
697;-0.006866;53896
698;0.007629;53897
699;0.003815;53898
700;-0.007629;53899
701;0.000000;53900
702;-0.005341;53901
703;-0.016785;53902
704;-0.026703;53903
705;-0.017548;53904
706;-0.025177;53905
707;-0.012970;53906
708;0.003052;53907
709;-0.002289;53908
710;0.001526;53909
711;0.000000;53910
712;-0.007629;53911
713;-0.013733;53912
714;-0.016785;53913
715;-0.017548;53914
716;-0.022888;53915
717;-0.019836;53916
718;-0.006866;53917
719;0.006104;53918
720;0.000763;53919
721;0.001526;53920
722;0.003052;53921
723;0.002289;53922
724;-0.005341;53923
725;-0.007629;53924
726;-0.027466;53925
727;-0.023651;53926
728;-0.010681;53927
729;0.001526;53928
730;0.001526;53929
731;0.002289;53930
732;0.003815;53931
733;0.000763;53932
734;-0.006104;53933
735;-0.012970;53934
736;-0.009155;53935
737;-0.014496;53936
738;-0.022888;53937
739;-0.021362;53938
740;-0.017548;53939
741;-0.009918;53940
742;0.000763;53941
743;0.008392;53942
744;0.006866;53943
745;0.006866;53944
746;0.000000;53945
747;-0.009918;53946
748;-0.003815;53947
749;-0.012207;53948
750;-0.022888;53949
751;-0.017548;53950
752;-0.025177;53951
753;-0.019073;53952
754;0.001526;53953
755;0.008392;53954
756;0.000763;53955
757;0.001526;53956
758;-0.006104;53957
759;-0.016785;53958
760;-0.021362;53959
761;-0.028229;53960
762;-0.018311;53961
763;-0.016785;53962
764;-0.004578;53963
765;-0.000763;53964
766;-0.005341;53965
767;-0.002289;53966
768;-0.003052;53967
769;-0.005341;53968
770;-0.012207;53969
771;-0.026703;53970
772;-0.019073;53971
773;0.003815;53972
774;0.003052;53973
775;0.000000;53974
776;0.002289;53975
777;-0.003052;53976
778;-0.009918;53977
779;-0.010681;53978
780;-0.016785;53979
781;-0.013733;53980
782;-0.016022;53981
783;0.002289;53982
784;0.007629;53983
785;0.000000;53984
786;0.003815;53985
787;0.003815;53986
788;-0.014496;53987
789;-0.021362;53988
790;-0.016022;53989
791;-0.025940;53990
792;-0.012970;53991
793;0.010681;53992
794;-0.003052;53993
795;0.006104;53994
796;0.000000;53995
797;-0.006104;53996
798;-0.017548;53997
799;-0.025177;53998
800;-0.004578;53999
801;-0.004578;54000
802;0.002289;54001
803;0.002289;54002
804;0.000763;54003
805;0.000763;54004
806;-0.010681;54005
807;-0.018311;54006
808;-0.016022;54007
809;-0.011444;54008
810;-0.012207;54009
811;0.003815;54010
812;0.006104;54011
813;0.000000;54012
814;-0.004578;54013
815;0.003815;54014
816;-0.018311;54015
817;-0.019073;54016
818;-0.019836;54017
819;-0.013733;54018
820;-0.006104;54019
821;0.002289;54020
822;0.003815;54021
823;0.002289;54022
824;-0.011444;54023
825;-0.003815;54024
826;-0.007629;54025
827;-0.019836;54026
828;-0.016785;54027
829;-0.014496;54028
830;-0.002289;54029
831;0.003052;54030
832;-0.002289;54031
833;0.000000;54032
834;-0.007629;54033
835;-0.022888;54034
836;-0.024414;54035
837;-0.016022;54036
838;-0.003815;54037
839;0.005341;54038
840;0.003815;54039
841;0.000763;54040
842;-0.012207;54041
843;-0.022888;54042
844;-0.014496;54043
845;-0.025940;54044
846;-0.020599;54045
847;-0.003052;54046
848;0.003815;54047
849;-0.003815;54048
850;-0.007629;54049
851;0.002289;54050
852;-0.006104;54051
853;-0.018311;54052
854;-0.020599;54053
855;-0.012970;54054
856;0.002289;54055
857;-0.004578;54056
858;0.005341;54057
859;0.000763;54058
860;-0.003052;54059
861;-0.013733;54060
862;-0.019073;54061
863;-0.020599;54062
864;-0.011444;54063
865;0.001526;54064
866;0.009918;54065
867;0.003052;54066
868;-0.005341;54067
869;-0.006104;54068
870;-0.018311;54069
871;-0.024414;54070
872;-0.025177;54071
873;-0.003052;54072
874;-0.006104;54073
875;-0.005341;54074
876;0.003052;54075
877;-0.006866;54076
878;-0.012207;54077
879;-0.009918;54078
880;-0.014496;54079
881;-0.020599;54080
882;-0.009918;54081
883;0.006866;54082
884;0.006866;54083
885;0.000000;54084
886;0.002289;54085
887;-0.006104;54086
888;-0.016785;54087
889;-0.028229;54088
890;-0.012970;54089
891;0.003815;54090
892;0.007629;54091
893;0.002289;54092
894;-0.009155;54093
895;0.003052;54094
896;-0.021362;54095
897;-0.017548;54096
898;-0.009918;54097
899;-0.005341;54098
900;-0.002289;54099
901;0.001526;54100
902;0.006104;54101
903;-0.000763;54102
904;-0.006104;54103
905;-0.003815;54104
906;-0.003815;54105
907;-0.025177;54106
908;-0.021362;54107
909;-0.019836;54108
910;-0.009155;54109
911;-0.005341;54110
912;0.009918;54111
913;0.000000;54112
914;-0.000763;54113
915;-0.003052;54114
916;-0.007629;54115
917;-0.026703;54116
918;-0.006866;54117
919;-0.004578;54118
920;0.007629;54119
921;0.005341;54120
922;0.003052;54121
923;-0.003052;54122
924;0.003815;54123
925;-0.019073;54124
926;-0.021362;54125
927;-0.028229;54126
928;-0.005341;54127
929;0.007629;54128
930;0.003815;54129
931;0.007629;54130
932;-0.002289;54131
933;-0.013733;54132
934;-0.010681;54133
935;-0.016022;54134
936;-0.026703;54135
937;-0.019836;54136
938;-0.009918;54137
939;-0.003052;54138
940;0.007629;54139
941;-0.006866;54140
942;-0.006866;54141
943;0.000000;54142
944;0.000763;54143
945;-0.020599;54144
946;-0.024414;54145
947;-0.013733;54146
948;-0.004578;54147
949;0.008392;54148
950;0.009155;54149
951;0.003815;54150
952;-0.003815;54151
953;-0.004578;54152
954;-0.006104;54153
955;-0.020599;54154
956;-0.013733;54155
957;-0.016022;54156
958;-0.002289;54157
959;0.001526;54158
960;0.001526;54159
961;0.000763;54160
962;0.006104;54161
963;-0.009918;54162
964;-0.012970;54163
965;-0.026703;54164
966;-0.021362;54165
967;-0.017548;54166
968;-0.002289;54167
969;0.001526;54168
970;0.006104;54169
971;0.000763;54170
972;0.003815;54171
973;-0.003815;54172
974;-0.004578;54173
975;-0.012970;54174
976;-0.013733;54175
977;-0.020599;54176
978;-0.009155;54177
979;-0.003052;54178
980;0.003815;54179
981;0.005341;54180
982;-0.000763;54181
983;0.003815;54182
984;0.006104;54183
985;0.000000;54184
986;-0.019836;54185
987;-0.016785;54186
988;-0.019073;54187
989;-0.024414;54188
990;-0.000763;54189
991;0.002289;54190
992;0.005341;54191
993;0.003052;54192
994;-0.006104;54193
995;-0.007629;54194
996;-0.012970;54195
997;-0.025177;54196
998;-0.032806;54197
999;-0.022888;54198
1000;-0.004578;54199
1001;0.006104;54200
1002;0.003815;54201
1003;0.001526;54202
1004;-0.010681;54203
1005;-0.014496;54204
1006;-0.016785;54205
1007;-0.013733;54206
1008;0.003815;54207
1009;0.005341;54208
1010;-0.000763;54209
1011;-0.012970;54210
1012;-0.017548;54211
1013;-0.023651;54212
1014;-0.007629;54213
1015;0.005341;54214
1016;0.007629;54215
1017;0.005341;54216
1018;-0.010681;54217
1019;-0.016785;54218
1020;-0.021362;54219
1021;-0.017548;54220
1022;-0.005341;54221
1023;0.006104;54222
1024;0.003815;54223
1025;0.000000;54224
1026;-0.014496;54225
1027;-0.016022;54226
1028;-0.016022;54227
1029;-0.009918;54228
1030;-0.003052;54229
1031;0.000763;54230
1032;0.000763;54231
1033;0.001526;54232
1034;-0.016785;54233
1035;-0.018311;54234
1036;-0.017548;54235
1037;-0.005341;54236
1038;0.012207;54237
1039;0.006866;54238
1040;-0.004578;54239
1041;-0.009155;54240
1042;-0.018311;54241
1043;-0.018311;54242
1044;-0.016785;54243
1045;-0.006866;54244
1046;0.007629;54245
1047;0.012970;54246
1048;0.000000;54247
1049;0.003815;54248
1050;-0.014496;54249
1051;-0.011444;54250
1052;-0.023651;54251
1053;-0.013733;54252
1054;-0.013733;54253
1055;0.000763;54254
1056;0.006866;54255
1057;0.003815;54256
1058;0.000000;54257
1059;-0.002289;54258
1060;-0.000763;54259
1061;-0.010681;54260
1062;-0.012970;54261
1063;-0.027466;54262
1064;-0.025177;54263
1065;-0.004578;54264
1066;0.003815;54265
1067;0.003815;54266
1068;0.009918;54267
1069;-0.003052;54268
1070;0.001526;54269
1071;-0.006866;54270
1072;-0.012207;54271
1073;-0.016785;54272
1074;-0.017548;54273
1075;-0.009918;54274
1076;0.005341;54275
1077;0.005341;54276
1078;0.000000;54277
1079;-0.010681;54278
1080;0.000763;54279
1081;-0.020599;54280
1082;-0.024414;54281
1083;-0.020599;54282
1084;-0.006104;54283
1085;0.003815;54284
1086;0.000000;54285
1087;-0.003815;54286
1088;-0.006104;54287
1089;-0.026703;54288
1090;-0.021362;54289
1091;0.001526;54290
1092;0.006866;54291
1093;0.006866;54292
1094;-0.005341;54293
1095;-0.011444;54294
1096;-0.023651;54295
1097;-0.024414;54296
1098;-0.017548;54297
1099;0.002289;54298
1100;0.007629;54299
1101;-0.004578;54300
1102;-0.010681;54301
1103;-0.006104;54302
1104;-0.020599;54303
1105;-0.024414;54304
1106;-0.004578;54305
1107;0.001526;54306
1108;0.000000;54307
1109;0.000763;54308
1110;-0.007629;54309
1111;-0.022888;54310
1112;-0.014496;54311
1113;-0.016022;54312
1114;0.005341;54313
1115;0.002289;54314
1116;-0.002289;54315
1117;-0.006104;54316
1118;-0.009155;54317
1119;-0.018311;54318
1120;-0.022888;54319
1121;-0.013733;54320
1122;0.003815;54321
1123;0.003815;54322
1124;-0.003052;54323
1125;-0.003815;54324
1126;-0.002289;54325
1127;-0.034332;54326
1128;-0.026703;54327
1129;-0.012207;54328
1130;0.006866;54329
1131;0.007629;54330
1132;0.003815;54331
1133;-0.004578;54332
1134;-0.014496;54333
1135;-0.024414;54334
1136;-0.016785;54335
1137;0.006866;54336
1138;0.003815;54337
1139;0.002289;54338
1140;-0.011444;54339
1141;-0.007629;54340
1142;-0.025177;54341
1143;-0.025940;54342
1144;-0.003052;54343
1145;0.009918;54344
1146;0.003052;54345
1147;-0.006866;54346
1148;-0.003815;54347
1149;-0.010681;54348
1150;-0.019073;54349
1151;-0.007629;54350
1152;0.006866;54351
1153;0.003815;54352
1154;-0.003815;54353
1155;-0.003815;54354
1156;0.001526;54355
1157;-0.016022;54356
1158;-0.025940;54357
1159;-0.014496;54358
1164;-0.010681;54363
1171;-0.006866;54370
1178;0.001526;54377
1185;-0.002289;54384
1192;-0.023651;54391
1199;-0.012970;54398
1206;-0.013733;54405
1215;-0.007629;54414
1222;-0.013733;54421
1229;-0.026703;54428
1237;-0.013733;54436
1244;-0.012970;54443
1251;0.003815;54450
1258;-0.003815;54457
1265;0.002289;54464
1272;-0.013733;54471
1279;-0.022888;54478
1286;-0.009918;54485
1293;-0.006866;54492
1300;0.013733;54499
1307;-0.009155;54506
1314;-0.000763;54513
1321;-0.004578;54520
1328;-0.016785;54527
1335;-0.017548;54534
1342;-0.006104;54541
1349;-0.004578;54548
1357;-0.003052;54556
1364;0.003052;54563
1371;0.003052;54570
1378;0.001526;54577
1385;-0.003052;54584
1392;-0.006866;54591
1400;-0.014496;54599
1407;-0.007629;54606
1414;0.003815;54613
1422;0.002289;54621
1429;0.003815;54628
1436;-0.023651;54635
1443;-0.019073;54642
1450;-0.003815;54649
1457;-0.006866;54656
1464;-0.000763;54663
1471;0.003815;54670
1478;0.003052;54677
1485;-0.020599;54684
1492;-0.009155;54691
1499;0.003815;54698
1506;0.003815;54705
1514;-0.002289;54713
1521;-0.021362;54720
1528;-0.014496;54727
1535;0.003052;54734
1542;0.006866;54741
1549;-0.005341;54748
1556;-0.027466;54755
1563;-0.007629;54762
1570;0.002289;54769
1577;-0.000763;54776
1584;0.003815;54783
1591;-0.026703;54790
1598;-0.003815;54797
1605;-0.003815;54804
1612;-0.006104;54811
1619;1.786041;54818
1626;1.519775;54825
1633;1.276398;54832
1640;1.107025;54839
1647;0.950623;54846
1654;0.818634;54853
1661;0.677490;54860
1668;0.572968;54867
1675;0.518036;54874
1682;0.448608;54881
1690;0.381470;54889
1698;0.328064;54897
1705;0.271606;54904
1712;0.232697;54911
1722;0.196075;54921
1729;0.146484;54928
1736;0.125122;54935
1743;0.114441;54942
1750;0.110626;54949
1757;0.094604;54956
1764;0.083160;54963
1771;0.058746;54970
1779;0.044250;54978
1786;0.041962;54985
1794;0.030518;54993
1802;0.040436;55001
1810;0.034332;55009
1817;0.008392;55016
1824;0.006866;55023
1831;0.009918;55030
1838;0.013733;55037
1846;0.006866;55045
1854;-0.011444;55053
1861;-0.002289;55060
1868;0.003815;55067
1875;-0.000763;55074
1882;0.000763;55081
1889;0.007629;55088
1896;0.015259;55095
1903;0.012207;55102
1911;0.015259;55110
1918;0.005341;55117
1925;-0.004578;55124
1932;-0.003815;55131
1939;0.001526;55138
1946;-0.007629;55145
1953;0.000763;55152
1960;0.007629;55159
1967;0.006866;55166
1974;0.009155;55173
1982;-0.002289;55181
1989;0.000000;55188
1996;0.007629;55195
2004;0.006104;55203
2011;0.003815;55210
2019;-0.003052;55218
2026;-0.013733;55225
2033;-0.006866;55232
2040;0.000000;55239
2047;0.003815;55246
2055;0.009918;55254
2062;0.012970;55261
2069;0.012207;55268
2076;0.001526;55275
2083;0.010681;55282
2090;0.002289;55289
2097;-0.006866;55296
2104;-0.012970;55303
2111;-0.018311;55310
2118;-0.010681;55317
2125;-0.017548;55324
2132;-0.013733;55331
2139;-0.025177;55338
2146;-0.014496;55345
2153;0.000763;55352
2160;0.006866;55359
2167;-0.000763;55366
2174;0.003052;55373
2181;-0.016785;55380
2188;-0.014496;55387
2195;-0.012207;55394
2202;-0.002289;55401
2209;0.003815;55408
2216;-0.003052;55415
2223;0.006104;55422
2230;0.012207;55429
2237;0.003815;55436
2244;-0.002289;55443
2251;0.006866;55450
2258;0.001526;55457
2265;0.009155;55464
2272;0.006104;55471
2279;0.002289;55478
2286;-0.003052;55485
2294;0.003052;55493
2301;-0.003815;55500
2308;-0.003052;55507
2315;-0.010681;55514
2322;-0.009155;55521
2329;-0.014496;55528
2336;-0.004578;55535
2344;-0.016022;55543
2351;-0.009155;55550
2358;0.003815;55557
2365;0.010681;55564
2372;0.001526;55571
2379;0.003052;55578
2386;0.000000;55585
2393;0.003052;55592
2400;-0.004578;55599
2407;0.002289;55606
2414;0.000763;55613
2421;-0.016022;55620
2428;-0.006104;55627
2435;0.003052;55634
2442;0.003815;55641
2449;-0.011444;55648
2456;-0.018311;55655
2463;-0.024414;55662
2470;-0.020599;55669
2477;-0.021362;55676
2484;-0.024414;55683
2491;-0.000763;55690
2498;0.003815;55697
2505;0.003052;55704
2512;-0.005341;55711
2519;-0.019073;55718
2526;-0.009155;55725
2533;-0.003052;55732
2540;-0.002289;55739
2547;-0.020599;55746
2554;-0.020599;55753
2561;-0.012207;55760
2568;0.003052;55767
2575;0.000763;55774
2582;-0.023651;55781
2589;-0.012970;55788
2596;0.003815;55795
2603;0.003815;55802
2610;-0.017548;55809
2617;-0.014496;55816
2624;-0.003052;55823
2631;0.003052;55830
2638;-0.009155;55837
2645;-0.005341;55844
2652;0.001526;55851
2660;-0.003815;55859
2667;-0.012207;55866
2674;-0.013733;55873
2681;0.000000;55880
2689;0.000000;55888
2696;-0.003815;55895
2703;0.001526;55902
2710;-0.002289;55909
2717;0.003815;55916
2724;0.005341;55923
2731;0.005341;55930
2738;-0.002289;55937
2745;-0.002289;55944
2752;0.003815;55951
2759;0.003815;55958
2766;-0.000763;55965
2773;0.002289;55972
2780;0.006104;55979
2787;-0.019073;55986
2794;0.000000;55993
2802;0.000000;56001
2809;-0.000763;56008
2816;0.003052;56015
2823;-0.013733;56022
2830;-0.016785;56029
2837;0.005341;56036
2844;0.003052;56043
2851;0.006866;56050
2858;-0.005341;56057
2865;-0.017548;56064
2872;0.000000;56071
2879;0.003815;56078
2886;0.003815;56085
2893;0.003815;56092
2900;0.003052;56099
2907;0.000000;56106
2914;0.003052;56113
2921;-0.009918;56120
2928;-0.020599;56127
2935;-0.018311;56134
2942;-0.023651;56141
2949;-0.006866;56148
2956;0.000000;56155
2963;0.000763;56162
2970;-0.002289;56169
2977;0.006866;56176
2984;-0.025177;56183
2991;0.000763;56190
2998;0.003052;56197
3005;0.000763;56204
3012;0.003815;56211
3019;0.012970;56218
3026;-0.000763;56225
3033;0.007629;56232
3040;0.003815;56239
3047;-0.011444;56246
3054;-0.009918;56253
3061;-0.004578;56260
3068;0.002289;56267
3075;0.009918;56274
3082;0.003815;56281
3089;0.000763;56288
3096;0.009155;56295
3103;0.005341;56302
3110;0.003815;56309
3117;0.012207;56316
3124;0.003815;56323
3131;0.003815;56330
3138;-0.003052;56337
3145;-0.016785;56344
3152;-0.026703;56351
3159;-0.029755;56358
3166;-0.007629;56365
3173;-0.003052;56372
3180;-0.021362;56379
3187;-0.003052;56386
3194;0.006104;56393
3201;0.003815;56400
3209;0.003052;56408
3216;0.003815;56415
3223;0.007629;56422
3230;0.003815;56429
3237;-0.011444;56436
3244;-0.018311;56443
3251;-0.016022;56450
3258;0.000763;56457
3265;0.002289;56464
3272;-0.006866;56471
3279;-0.018311;56478
3286;-0.010681;56485
3294;0.007629;56493
3301;-0.016785;56500
3308;-0.009918;56507
3315;0.006104;56514
3322;0.026703;56521
3329;-0.017548;56528
3336;-0.017548;56535
3343;-0.006866;56542
3350;-0.002289;56549
3357;0.003815;56556
3364;-0.006104;56563
3371;-0.018311;56570
3378;-0.024414;56577
3385;-0.026703;56584
3392;-0.005341;56591
3399;-0.003052;56598
3406;0.006104;56605
3413;0.006104;56612
3420;-0.005341;56619
3427;-0.020599;56626
3434;-0.026703;56633
3441;-0.009155;56640
3448;-0.003052;56647
3455;0.000763;56654
3462;0.003052;56661
3469;-0.003052;56668
3476;-0.019073;56675
3483;-0.025940;56682
3490;-0.022888;56689
3497;-0.003815;56696
3504;-0.003052;56703
3511;0.002289;56710
3518;-0.003815;56717
3525;-0.009155;56724
3532;-0.017548;56731
3539;-0.017548;56738
3546;-0.009155;56745
3553;-0.017548;56752
3560;-0.003815;56759
3567;-0.003052;56766
3574;0.000000;56773
3581;-0.016022;56780
3588;-0.028229;56787
3595;-0.019073;56794
3602;0.000000;56801
3609;-0.003052;56808
3616;0.003815;56815
3623;-0.012207;56822
3630;-0.023651;56829
3637;-0.016785;56836
3644;-0.006866;56843
3651;-0.003052;56850
3658;0.000000;56857
3665;-0.005341;56864
3672;-0.006866;56871
3679;-0.009155;56878
3686;-0.011444;56885
3693;-0.019073;56892
3700;-0.025177;56899
3707;-0.004578;56906
3714;0.002289;56913
3721;0.003815;56920
3728;-0.003815;56927
3735;-0.025177;56934
3742;-0.030518;56941
3749;-0.019836;56948
3757;-0.000763;56956
3764;-0.013733;56963
3771;-0.019073;56970
3778;-0.003815;56977
3785;0.007629;56984
3793;0.002289;56992
3800;-0.003052;56999
3807;0.008392;57006
3814;0.006866;57013
3821;0.003815;57020
3828;0.003052;57027
3835;-0.003052;57034
3842;0.002289;57041
3849;-0.018311;57048
3856;-0.019836;57055
3863;-0.026703;57062
3870;-0.012970;57069
3877;0.003815;57076
3884;-0.003815;57083
3891;0.000000;57090
3898;0.000000;57097
3905;0.007629;57104
3912;0.000000;57111
3919;0.000000;57118
3926;0.003815;57125
3933;0.002289;57132
3940;-0.010681;57139
3947;-0.014496;57146
3954;-0.019073;57153
3961;-0.012970;57160
3968;-0.000763;57167
3975;-0.003815;57174
3982;0.003815;57181
3989;-0.013733;57188
3996;-0.019073;57195
4003;-0.014496;57202
4010;-0.002289;57209
4017;0.003815;57216
4024;-0.002289;57223
4031;-0.006104;57230
4038;-0.010681;57237
4045;-0.023651;57244
4052;-0.020599;57251
4059;-0.031281;57258
4066;-0.022888;57265
4073;-0.012207;57272
4080;-0.004578;57279
4087;0.000000;57286
4094;0.000000;57293
4101;0.001526;57300
4108;-0.004578;57307
4115;-0.020599;57314
4122;-0.022888;57321
4129;-0.010681;57328
4136;-0.011444;57335
4143;-0.019836;57342
4150;-0.022888;57349
4157;-0.020599;57356
4164;-0.004578;57363
4171;-0.006866;57370
4178;0.003052;57377
4185;0.000763;57384
4192;-0.019073;57391
4199;-0.023651;57398
4206;-0.020599;57405
4213;-0.000763;57412
4220;0.003815;57419
4227;0.006866;57426
4234;0.002289;57433
4241;-0.017548;57440
4248;-0.019836;57447
4255;-0.016785;57454
4262;-0.003815;57461
4269;-0.006866;57468
4276;0.003815;57475
4283;-0.003052;57482
4291;0.002289;57490
4298;-0.016022;57497
4305;-0.030518;57504
4312;-0.002289;57511
4319;0.000000;57518
4326;-0.020599;57525
4333;-0.017548;57532
4340;-0.009155;57539
4347;-0.000763;57546
4354;0.003052;57553
4361;0.006866;57560
4368;-0.014496;57567
4375;-0.003052;57574
4382;-0.026703;57581
4389;-0.027466;57588
4396;-0.004578;57595
4403;0.000763;57602
4410;-0.013733;57609
4417;-0.000763;57616
4424;-0.025177;57623
4431;-0.003052;57630
4438;-0.002289;57637
4445;-0.012970;57644
4452;-0.006866;57651
4459;0.002289;57658
4466;-0.014496;57665
4473;-0.017548;57672
4480;-0.006866;57679
4487;0.001526;57686
4494;-0.029755;57693
4501;-0.018311;57700
4508;-0.024414;57707
4515;-0.006866;57714
4522;-0.002289;57721
4529;-0.000763;57728
4536;-0.002289;57735
4543;-0.004578;57742
4550;0.000000;57749
4557;-0.017548;57756
4564;-0.018311;57763
4571;-0.010681;57770
4578;-0.009918;57777
4585;-0.023651;57784
4592;-0.018311;57791
4599;-0.023651;57798
4606;-0.031281;57805
4613;-0.013733;57812
4620;-0.006104;57819
4627;-0.003052;57826
4634;-0.003815;57833
4641;-0.013733;57840
4648;0.001526;57847
4655;-0.029755;57854
4662;-0.000763;57861
4669;0.002289;57868
4676;-0.025177;57875
4683;0.001526;57882
4690;0.012207;57889
4697;0.008392;57896
4704;-0.009155;57903
4711;-0.012970;57910
4718;0.003815;57917
4725;-0.022888;57924
4732;-0.003052;57931
4739;0.003052;57938
4746;-0.019073;57945
4753;-0.007629;57952
4760;0.003815;57959
4767;-0.010681;57966
4774;-0.017548;57973
4781;0.000000;57980
4788;-0.003815;57987
4795;-0.012207;57994
4802;0.003815;58001
4809;0.010681;58008
4816;-0.018311;58015
4824;-0.023651;58023
4831;-0.004578;58030
4838;0.007629;58037
4845;0.003815;58044
4852;-0.006104;58051
4859;-0.012970;58058
4866;0.003815;58065
4873;0.009155;58072
4880;-0.016022;58079
4887;-0.022888;58086
4894;0.001526;58093
4901;0.010681;58100
4908;-0.009918;58107
4915;0.003815;58114
4922;0.000000;58121
4929;-0.021362;58128
4936;-0.003815;58135
4943;0.003815;58142
4950;-0.020599;58149
4957;-0.030518;58156
4964;-0.016785;58163
4971;0.012207;58170
4978;-0.022888;58177
4985;0.001526;58184
4992;-0.027466;58191
4999;0.003815;58198
5006;-0.022888;58205
5013;0.001526;58212
5020;0.000000;58219
5027;-0.006866;58226
5034;0.006866;58233
5041;0.000763;58240
5048;-0.009155;58247
5055;-0.006866;58254
5062;0.010681;58261
5106;-0.006866;58305
5113;0.000000;58312
5120;0.000763;58319
5127;-0.019073;58326
5137;0.006104;58336
5144;-0.012207;58343
5151;-0.016785;58350
5158;0.003815;58357
5165;0.007629;58364
5172;0.003815;58371
5179;-0.018311;58378
5186;-0.019836;58385
5193;-0.003052;58392
5200;-0.004578;58399
5207;-0.003815;58406
5214;0.000000;58413
5221;0.002289;58420
5228;-0.002289;58427
5235;-0.011444;58434
5242;0.002289;58441
5249;-0.010681;58448
5256;0.008392;58455
5263;-0.010681;58462
5270;-0.018311;58469
5277;-0.011444;58476
5284;0.003815;58483
5291;-0.019836;58490
5298;-0.012207;58497
5310;0.003815;58509
5317;-0.020599;58516
5325;-0.019073;58524
5332;-0.025177;58531
5339;-0.012970;58538
5346;-0.006104;58545
5353;-0.004578;58552
5360;-0.028229;58559
5367;-0.003815;58566
5374;0.003815;58573
5381;-0.010681;58580
5388;-0.024414;58587
5395;-0.010681;58594
5402;0.003815;58601
5409;-0.009155;58608
5416;-0.017548;58615
5423;-0.011444;58622
5430;-0.009918;58629
5437;0.000763;58636
5444;0.003815;58643
5451;0.003815;58650
5458;0.009155;58657
5465;0.007629;58664
5472;-0.003815;58671
5479;-0.014496;58678
5486;-0.021362;58685
5493;-0.021362;58692
5500;-0.010681;58699
5507;-0.009155;58706
5514;0.012207;58713
5521;0.007629;58720
5528;-0.016785;58727
5535;-0.009155;58734
5542;-0.003052;58741
5549;0.003815;58748
5556;-0.003815;58755
5563;-0.006866;58762
5570;-0.024414;58769
5577;-0.004578;58776
5584;0.000000;58783
5591;0.003815;58790
5598;-0.027466;58797
5605;-0.011444;58804
5612;0.012970;58811
5619;-0.019836;58818
5626;-0.005341;58825
5633;0.003815;58832
5640;-0.010681;58839
5647;-0.020599;58846
5654;0.003815;58853
5661;0.003815;58860
5668;0.000763;58867
5675;-0.013733;58874
5682;-0.002289;58881
5689;0.009918;58888
5696;0.000000;58895
5703;-0.017548;58902
5710;-0.013733;58909
5717;0.003815;58916
5724;-0.009918;58923
5731;-0.006866;58930
5738;0.003052;58937
5745;-0.025177;58944
5752;-0.003052;58951
5759;0.010681;58958
5766;-0.007629;58965
5773;-0.017548;58972
5780;0.003052;58979
5788;0.003052;58987
5795;0.001526;58994
5802;0.003815;59001
5809;0.003052;59008
5816;-0.023651;59015
5823;-0.024414;59022
5830;-0.019836;59029
5837;-0.018311;59036
5844;0.003815;59043
5851;0.006866;59050
5858;0.002289;59057
5865;-0.024414;59064
5872;-0.003815;59071
5879;-0.003815;59078
5886;-0.006866;59085
5893;-0.007629;59092
5900;0.009155;59099
5907;0.006866;59106
5914;0.003815;59113
5921;-0.007629;59120
5928;-0.018311;59127
5935;-0.014496;59134
5942;0.000000;59141
5949;0.008392;59148
5956;-0.016785;59155
5963;-0.003815;59162
5970;0.001526;59169
5977;-0.023651;59176
5984;-0.004578;59183
5991;0.006104;59190
5998;0.003815;59197
6005;-0.014496;59204
6012;0.000000;59211
6019;-0.010681;59218
6026;0.001526;59225
6033;-0.018311;59232
6040;-0.004578;59239
6047;0.002289;59246
6054;-0.010681;59253
6061;-0.014496;59260
6068;0.002289;59267
6075;-0.023651;59274
6082;0.000000;59281
6089;0.000763;59288
6096;-0.012207;59295
6103;0.003815;59302
6110;-0.020599;59309
6117;0.000763;59316
6124;-0.004578;59323
6131;-0.016785;59330
6138;0.005341;59337
6145;-0.005341;59344
6152;-0.006104;59351
6159;0.003815;59358
6166;-0.016022;59365
6173;0.003815;59372
6180;-0.016785;59379
6187;0.003815;59386
6194;-0.027466;59393
6201;0.003052;59400
6208;-0.002289;59407
6215;-0.007629;59414
6222;0.001526;59421
6229;-0.005341;59428
6236;-0.016022;59435
6243;-0.024414;59442
6250;-0.007629;59449
6257;0.006866;59456
6264;-0.019836;59463
6271;-0.006104;59470
6278;-0.007629;59477
6285;-0.006104;59484
6292;-0.009155;59491
6299;-0.020599;59498
6306;0.001526;59505
6313;-0.018311;59512
6320;0.005341;59519
6328;-0.019836;59527
6335;0.000763;59534
6342;0.003815;59541
6349;-0.025940;59548
6356;0.002289;59555
6363;-0.029755;59562
6370;0.000000;59569
6377;0.002289;59576
6384;-0.009918;59583
6391;0.003815;59590
6398;-0.017548;59597
6405;0.000000;59604
6412;0.003815;59611
6419;-0.022888;59618
6426;0.001526;59625
6433;0.003815;59632
6440;-0.023651;59639
6447;0.000000;59646
6454;-0.023651;59653
6461;-0.010681;59660
6468;0.000763;59667
6475;-0.006866;59674
6482;-0.019836;59681
6489;0.003815;59688
6496;0.008392;59695
6503;-0.012970;59702
6510;-0.018311;59709
6517;0.003052;59716
6524;0.005341;59723
6531;0.003052;59730
6538;-0.021362;59737
6545;-0.009918;59744
6552;0.000763;59751
6559;-0.003815;59758
6566;-0.020599;59765
6573;0.000000;59772
6580;0.013733;59779
6587;-0.016785;59786
6594;-0.000763;59793
6601;0.014496;59800
6608;-0.017548;59807
6615;-0.003052;59814
6622;0.006866;59821
6629;-0.019836;59828
6636;-0.009918;59835
6643;0.000000;59842
6650;0.003815;59849
6657;-0.000763;59856
6664;-0.019836;59863
6671;-0.005341;59870
6678;0.008392;59877
6685;-0.006104;59884
6692;-0.022888;59891
6699;-0.006104;59898
6706;0.005341;59905
6713;-0.012970;59912
6720;-0.009155;59919
6727;-0.003052;59926
6734;0.001526;59933
6741;0.000000;59940
6748;0.000000;59947
6755;-0.016785;59954
6762;-0.004578;59961
6769;0.002289;59968
6776;0.000763;59975
6783;-0.027466;59982
6790;-0.009918;59989
6797;0.006866;59996
6804;-0.011444;60003
6811;-0.023651;60010
6818;-0.003815;60017
6825;0.007629;60024
6832;0.003815;60031
6839;-0.016022;60038
6846;-0.013733;60045
6853;0.002289;60052
6860;0.003815;60059
6867;-0.005341;60066
6874;-0.016022;60073
6881;-0.018311;60080
6888;-0.007629;60087
6895;-0.002289;60094
6902;0.003815;60101
6909;-0.006866;60108
6916;-0.013733;60115
6923;0.000000;60122
6930;0.000763;60129
6937;-0.027466;60136
6944;-0.013733;60143
6951;0.008392;60150
6958;0.007629;60157
6965;-0.025940;60164
6972;-0.006866;60171
6979;0.002289;60178
7001;-0.009155;60200
7008;-0.017548;60207
7015;-0.002289;60214
7022;0.003815;60221
7029;0.005341;60228
7036;-0.003052;60235
7043;-0.009155;60242
7050;-0.019073;60249
7057;0.003815;60256
7064;-0.002289;60263
7071;-0.023651;60270
7078;-0.012970;60277
7085;-0.005341;60284
7092;-0.017548;60291
7099;-0.019073;60298
7106;0.003052;60305
7113;0.009918;60312
7120;-0.024414;60319
7127;-0.005341;60326
7134;-0.012207;60333
7141;0.003815;60340
7148;-0.011444;60347
7155;-0.016022;60354
7162;0.009155;60361
7169;-0.007629;60368
7176;-0.010681;60375
7183;0.001526;60382
7190;0.002289;60389
7197;0.003815;60396
7204;0.000763;60403
7211;-0.003815;60410
7218;-0.018311;60417
7225;-0.000763;60424
7232;-0.003052;60431
7239;0.003815;60438
7246;-0.009918;60445
7253;-0.022888;60452
7260;0.001526;60459
7269;-0.020599;60468
7276;-0.003815;60475
7283;-0.000763;60482
7291;-0.003052;60490
7298;0.000000;60497
7305;0.013733;60504
7312;-0.027466;60511
7319;-0.003815;60518
7326;-0.011444;60525
7333;0.007629;60532
7340;0.005341;60539
7347;0.003815;60546
7354;-0.009918;60553
7361;0.003815;60560
7368;-0.009918;60567
7375;-0.006866;60574
7382;0.003815;60581
7389;-0.016785;60588
7394;-0.012207;181660
7395;-0.016022;181661
7396;-0.023651;181662
7397;-0.013733;181663
7398;-0.012207;181664
7399;-0.006104;181665
7400;-0.012970;181666
7401;-0.005341;181667
7402;-0.002289;181668
7403;0.003815;181669
7404;-0.007629;181670
7405;0.006866;181671
7406;0.003052;181672
7407;0.003815;181673
7408;0.007629;181674
7409;-0.004578;181675
7410;-0.006866;181676
7411;0.000000;181677
7412;0.000000;181678
7413;-0.010681;181679
7414;-0.013733;181680
7415;-0.010681;181681
7416;-0.025177;181682
7417;-0.033569;181683
7418;-0.019073;181684
7419;-0.023651;181685
7420;-0.020599;181686
7421;-0.021362;181687
7422;-0.021362;181688
7423;-0.020599;181689
7424;-0.019836;181690
7425;-0.014496;181691
7426;-0.011444;181692
7427;0.000000;181693
7428;-0.003052;181694
7429;0.000763;181695
7430;0.000000;181696
7431;0.006104;181697
7432;0.005341;181698
7433;0.001526;181699
7434;-0.003052;181700
7435;-0.009155;181701
7436;0.003815;181702
7437;0.003815;181703
7438;-0.006866;181704
7439;-0.009918;181705
7440;-0.005341;181706
7441;-0.009918;181707
7442;-0.020599;181708
7443;-0.029755;181709
7444;-0.019073;181710
7445;-0.007629;181711
7446;0.003815;181712
7447;-0.000763;181713
7448;0.012970;181714
7449;0.012970;181715
7450;0.009155;181716
7451;-0.000763;181717
7452;0.003815;181718
7453;0.008392;181719
7454;0.000000;181720
7455;-0.004578;181721
7456;-0.010681;181722
7457;-0.016785;181723
7458;-0.012207;181724
7459;-0.005341;181725
7460;-0.023651;181726
7461;-0.029755;181727
7462;-0.020599;181728
7463;-0.013733;181729
7464;-0.017548;181730
7465;-0.009155;181731
7466;-0.003052;181732
7467;0.003052;181733
7468;-0.000763;181734
7469;0.003815;181735
7470;0.005341;181736
7471;0.009155;181737
7472;0.003052;181738
7473;0.010681;181739
7474;-0.007629;181740
7475;0.002289;181741
7476;0.002289;181742
7477;0.000763;181743
7478;-0.000763;181744
7479;-0.004578;181745
7480;-0.004578;181746
7481;-0.004578;181747
7482;0.000000;181748
7483;-0.010681;181749
7484;-0.004578;181750
7485;-0.002289;181751
7486;-0.003815;181752
7487;-0.012970;181753
7488;-0.011444;181754
7489;-0.014496;181755
7490;-0.009155;181756
7491;-0.025940;181757
7492;-0.020599;181758
7493;-0.021362;181759
7494;-0.026703;181760
7495;-0.017548;181761
7496;-0.019073;181762
7497;-0.016022;181763
7498;-0.017548;181764
7499;-0.011444;181765
7500;-0.007629;181766
7501;-0.014496;181767
7502;0.003815;181768
7503;0.008392;181769
7504;0.003052;181770
7505;0.000763;181771
7506;0.006866;181772
7507;0.006866;181773
7508;0.003052;181774
7509;0.007629;181775
7510;0.007629;181776
7511;0.003815;181777
7512;-0.003815;181778
7513;-0.000763;181779
7514;-0.003815;181780
7515;-0.009918;181781
7516;-0.012970;181782
7517;-0.012207;181783
7518;-0.024414;181784
7519;-0.014496;181785
7520;-0.019073;181786
7521;-0.012970;181787
7522;-0.003052;181788
7523;0.000763;181789
7524;0.000763;181790
7525;0.002289;181791
7526;0.003815;181792
7527;0.003052;181793
7528;0.007629;181794
7529;-0.009918;181795
7530;0.006866;181796
7531;-0.003052;181797
7532;-0.010681;181798
7533;-0.004578;181799
7534;0.003052;181800
7535;0.000763;181801
7536;0.000000;181802
7537;-0.013733;181803
7538;-0.019073;181804
7539;-0.016785;181805
7540;-0.026703;181806
7541;-0.013733;181807
7542;-0.011444;181808
7543;-0.004578;181809
7544;-0.000763;181810
7545;0.010681;181811
7546;0.003815;181812
7547;0.008392;181813
7548;0.003815;181814
7549;0.003052;181815
7550;0.003052;181816
7551;0.003052;181817
7552;-0.003815;181818
7553;0.000000;181819
7554;0.000763;181820
7555;-0.004578;181821
7556;-0.000763;181822
7557;0.006104;181823
7558;-0.004578;181824
7559;-0.016022;181825
7560;-0.006104;181826
7561;-0.009155;181827
7562;-0.009918;181828
7563;-0.016022;181829
7564;-0.006104;181830
7565;-0.016785;181831
7566;-0.026703;181832
7567;-0.012207;181833
7568;-0.020599;181834
7569;-0.023651;181835
7570;-0.025177;181836
7571;-0.025940;181837
7572;-0.019836;181838
7573;-0.025177;181839
7574;-0.012970;181840
7575;-0.025177;181841
7576;-0.012207;181842
7577;-0.009918;181843
7578;-0.007629;181844
7579;0.002289;181845
7580;0.000000;181846
7581;0.009155;181847
7582;0.000000;181848
7583;0.006866;181849
7584;0.003815;181850
7585;0.003815;181851
7586;0.003052;181852
7587;0.003052;181853
7588;0.006866;181854
7589;0.003815;181855
7590;0.008392;181856
7591;0.003815;181857
7592;-0.000763;181858
7593;0.006104;181859
7594;0.005341;181860
7595;0.003815;181861
7596;-0.003052;181862
7597;-0.004578;181863
7598;-0.005341;181864
7599;-0.009918;181865
7600;-0.009918;181866
7601;-0.005341;181867
7602;-0.006104;181868
7603;-0.011444;181869
7604;-0.019073;181870
7605;-0.016785;181871
7606;-0.021362;181872
7607;-0.012207;181873
7608;-0.021362;181874
7609;-0.018311;181875
7610;-0.020599;181876
7611;-0.017548;181877
7612;-0.014496;181878
7613;-0.021362;181879
7614;-0.026703;181880
7615;-0.025177;181881
7616;-0.021362;181882
7617;-0.025940;181883
7618;-0.012970;181884
7619;-0.023651;181885
7620;-0.003052;181886
7621;-0.002289;181887
7622;0.003815;181888
7623;0.013733;181889
7624;0.003052;181890
7625;0.012207;181891
7626;0.003815;181892
7627;0.000000;181893
7628;0.006104;181894
7629;0.012207;181895
7630;-0.009918;181896
7631;-0.000763;181897
7632;0.003815;181898
7633;-0.006866;181899
7634;-0.003815;181900
7635;0.003815;181901
7636;0.001526;181902
7637;-0.011444;181903
7638;-0.005341;181904
7639;-0.014496;181905
7640;-0.011444;181906
7641;-0.023651;181907
7642;-0.020599;181908
7643;-0.022888;181909
7644;-0.019836;181910
7645;-0.014496;181911
7646;-0.019073;181912
7647;-0.023651;181913
7648;-0.016022;181914
7649;0.000000;181915
7650;-0.018311;181916
7651;-0.003052;181917
7652;0.003815;181918
7653;0.003815;181919
7654;0.013733;181920
7655;0.006866;181921
7656;0.008392;181922
7657;-0.003052;181923
7658;0.009155;181924
7659;0.003815;181925
7660;0.003052;181926
7661;0.006866;181927
7662;-0.003052;181928
7663;0.000763;181929
7664;0.000000;181930
7665;-0.003052;181931
7666;0.000000;181932
7667;-0.005341;181933
7668;-0.003052;181934
7669;-0.030518;181935
7670;-0.023651;181936
7671;-0.016785;181937
7672;-0.019073;181938
7673;0.000000;181939
7674;-0.003052;181940
7675;0.000000;181941
7676;0.003815;181942
7677;0.003815;181943
7678;0.000000;181944
7679;0.003815;181945
7680;0.002289;181946
7681;0.005341;181947
7682;-0.006104;181948
7683;-0.006104;181949
7684;-0.012207;181950
7685;-0.002289;181951
7686;-0.004578;181952
7687;-0.004578;181953
7688;-0.014496;181954
7689;-0.018311;181955
7690;-0.016022;181956
7691;-0.013733;181957
7692;-0.025940;181958
7693;-0.016022;181959
7694;-0.023651;181960
7695;-0.029755;181961
7696;-0.016022;181962
7697;-0.019073;181963
7698;-0.012970;181964
7699;-0.017548;181965
7700;-0.017548;181966
7701;-0.013733;181967
7702;-0.016785;181968
7703;-0.006866;181969
7704;-0.006104;181970
7705;0.000000;181971
7706;0.001526;181972
7707;0.008392;181973
7708;0.006104;181974
7709;0.003815;181975
7710;0.002289;181976
7711;0.000000;181977
7712;-0.003052;181978
7713;-0.003052;181979
7714;0.001526;181980
7715;-0.004578;181981
7716;-0.006866;181982
7717;0.001526;181983
7718;-0.011444;181984
7719;0.000000;181985
7720;-0.009155;181986
7721;-0.013733;181987
7722;-0.016785;181988
7723;-0.009918;181989
7724;-0.012970;181990
7725;-0.020599;181991
7726;-0.016022;181992
7727;-0.019073;181993
7728;-0.016022;181994
7729;-0.016022;181995
7730;-0.011444;181996
7731;-0.023651;181997
7732;-0.016785;181998
7733;-0.017548;181999
7734;-0.027466;182000
7735;-0.027466;182001
7736;-0.017548;182002
7737;-0.016022;182003
7738;-0.013733;182004
7739;-0.016785;182005
7740;-0.009918;182006
7741;0.003052;182007
7742;0.003052;182008
7743;0.003815;182009
7744;0.003052;182010
7745;0.003815;182011
7746;0.002289;182012
7747;0.003052;182013
7748;-0.000763;182014
7749;-0.000763;182015
7750;0.000000;182016
7751;-0.003815;182017
7752;-0.006866;182018
7753;-0.017548;182019
7754;-0.029755;182020
7755;-0.020599;182021
7756;-0.025940;182022
7757;-0.014496;182023
7758;-0.012970;182024
7759;-0.003052;182025
7760;-0.002289;182026
7761;0.005341;182027
7762;0.007629;182028
7763;-0.004578;182029
7764;0.003815;182030
7765;0.003815;182031
7766;-0.003052;182032
7767;-0.006866;182033
7768;-0.004578;182034
7769;-0.010681;182035
7770;-0.016785;182036
7771;-0.035095;182037
7772;-0.024414;182038
7773;-0.023651;182039
7774;-0.009918;182040
7775;0.000763;182041
7776;0.000000;182042
7777;-0.002289;182043
7778;0.003815;182044
7779;0.000763;182045
7780;0.009918;182046
7781;0.003815;182047
7782;0.000763;182048
7783;-0.002289;182049
7784;0.000000;182050
7785;-0.009155;182051
7786;-0.013733;182052
7787;-0.010681;182053
7788;0.000763;182054
7789;-0.010681;182055
7790;-0.016022;182056
7791;-0.016022;182057
7792;-0.028229;182058
7793;-0.028229;182059
7794;-0.012970;182060
7795;-0.006104;182061
7796;0.001526;182062
7797;0.003815;182063
7798;0.003815;182064
7799;-0.004578;182065
7800;0.002289;182066
7801;0.003815;182067
7802;0.000763;182068
7803;0.003815;182069
7804;-0.006866;182070
7805;-0.009918;182071
7806;-0.004578;182072
7807;-0.023651;182073
7808;-0.033569;182074
7809;-0.019073;182075
7810;-0.014496;182076
7811;-0.013733;182077
7812;-0.019073;182078
7813;-0.006866;182079
7814;-0.003815;182080
7815;-0.000763;182081
7816;0.003815;182082
7817;0.006866;182083
7818;-0.006104;182084
7819;0.001526;182085
7820;0.007629;182086
7821;0.002289;182087
7822;0.002289;182088
7823;0.000763;182089
7824;-0.002289;182090
7825;-0.003052;182091
7826;-0.000763;182092
7827;-0.000763;182093
7828;-0.009155;182094
7829;-0.013733;182095
7830;-0.019836;182096
7831;-0.012970;182097
7832;-0.024414;182098
7833;-0.021362;182099
7834;-0.016022;182100
7835;-0.010681;182101
7836;-0.010681;182102
7837;-0.003052;182103
7838;0.008392;182104
7839;0.010681;182105
7840;0.001526;182106
7841;0.002289;182107
7842;0.006104;182108
7843;-0.004578;182109
7844;0.002289;182110
7845;0.000000;182111
7846;-0.003815;182112
7847;-0.007629;182113
7848;-0.003052;182114
7849;-0.006104;182115
7850;-0.019073;182116
7851;-0.019073;182117
7852;-0.022888;182118
7853;-0.032043;182119
7854;-0.023651;182120
7855;-0.027466;182121
7856;-0.019073;182122
7857;-0.006104;182123
7858;0.000000;182124
7859;0.003815;182125
7860;0.007629;182126
7861;0.006866;182127
7862;0.000763;182128
7863;0.002289;182129
7864;-0.006104;182130
7865;-0.003052;182131
7866;-0.004578;182132
7867;0.003815;182133
7868;-0.009918;182134
7869;-0.019073;182135
7870;-0.020599;182136
7871;-0.020599;182137
7872;-0.016785;182138
7873;-0.012207;182139
7874;-0.009918;182140
7875;0.003052;182141
7876;0.002289;182142
7877;0.000763;182143
7878;0.003815;182144
7879;0.003815;182145
7880;0.008392;182146
7881;0.006104;182147
7882;-0.009918;182148
7883;-0.006866;182149
7884;0.003052;182150
7885;0.000763;182151
7886;0.003052;182152
7887;-0.006104;182153
7888;-0.011444;182154
7889;-0.021362;182155
7890;-0.016785;182156
7891;-0.021362;182157
7892;-0.020599;182158
7893;-0.019073;182159
7894;-0.014496;182160
7895;-0.013733;182161
7896;-0.010681;182162
7897;0.001526;182163
7898;-0.009155;182164
7899;0.009918;182165
7900;0.009155;182166
7901;0.003052;182167
7902;0.000763;182168
7903;-0.009918;182169
7904;0.002289;182170
7905;0.009155;182171
7906;0.003815;182172
7907;-0.003815;182173
7908;-0.016785;182174
7909;-0.012207;182175
7910;-0.021362;182176
7911;-0.026703;182177
7912;-0.019073;182178
7913;-0.025940;182179
7914;-0.019073;182180
7915;-0.012970;182181
7916;-0.003052;182182
7917;0.010681;182183
7918;0.006104;182184
7919;0.000000;182185
7920;0.002289;182186
7921;0.006866;182187
7922;0.001526;182188
7923;-0.012970;182189
7924;-0.014496;182190
7925;-0.009155;182191
7926;-0.016022;182192
7927;-0.020599;182193
7928;-0.012207;182194
7929;-0.007629;182195
7930;0.008392;182196
7931;0.003052;182197
7932;0.003815;182198
7933;0.003815;182199
7934;0.003815;182200
7935;-0.002289;182201
7936;-0.005341;182202
7937;-0.010681;182203
7938;-0.013733;182204
7939;-0.026703;182205
7940;-0.020599;182206
7941;-0.018311;182207
7942;-0.014496;182208
7943;-0.010681;182209
7944;-0.009155;182210
7945;-0.003815;182211
7946;0.006104;182212
7947;-0.000763;182213
7948;0.003815;182214
7949;0.003815;182215
7950;0.003052;182216
7951;0.002289;182217
7952;-0.005341;182218
7953;-0.005341;182219
7954;-0.021362;182220
7955;-0.023651;182221
7956;-0.020599;182222
7957;-0.019073;182223
7958;-0.022888;182224
7959;-0.010681;182225
7960;0.000000;182226
7961;0.006104;182227
7962;0.003815;182228
7963;0.000763;182229
7964;0.003052;182230
7965;0.003815;182231
7966;0.003815;182232
7967;0.000763;182233
7968;-0.007629;182234
7969;0.005341;182235
7970;-0.004578;182236
7971;-0.024414;182237
7972;-0.019073;182238
7973;-0.025177;182239
7974;-0.018311;182240
7975;-0.009918;182241
7976;-0.012970;182242
7977;-0.012970;182243
7978;-0.003815;182244
7979;-0.003815;182245
7980;0.003052;182246
7981;0.003815;182247
7982;0.001526;182248
7983;0.001526;182249
7984;-0.006104;182250
7985;0.007629;182251
7986;0.000763;182252
7987;0.000000;182253
7988;0.003815;182254
7989;0.000763;182255
7990;-0.006104;182256
7991;-0.006104;182257
7992;0.002289;182258
7993;-0.003815;182259
7994;-0.019073;182260
7995;-0.023651;182261
7996;-0.020599;182262
7997;-0.032806;182263
7998;-0.024414;182264
7999;-0.020599;182265
8000;-0.006104;182266
8001;-0.013733;182267
8002;-0.005341;182268
8003;-0.004578;182269
8004;0.002289;182270
8005;0.009918;182271
8006;0.000763;182272
8007;0.006866;182273
8008;0.003815;182274
8009;-0.007629;182275
8010;-0.003052;182276
8011;-0.007629;182277
8012;-0.013733;182278
8013;-0.027466;182279
8014;-0.022888;182280
8015;-0.009918;182281
8016;-0.019073;182282
8017;-0.010681;182283
8018;-0.002289;182284
8019;0.014496;182285
8020;0.003815;182286
8021;0.008392;182287
8022;0.005341;182288
8023;0.003815;182289
8024;0.003815;182290
8025;0.002289;182291
8026;-0.009155;182292
8027;0.005341;182293
8028;-0.003052;182294
8029;-0.003052;182295
8030;0.001526;182296
8031;0.002289;182297
8032;-0.004578;182298
8033;-0.003052;182299
8034;-0.006866;182300
8035;-0.013733;182301
8036;-0.020599;182302
8037;-0.017548;182303
8038;-0.027466;182304
8039;-0.023651;182305
8040;-0.019073;182306
8041;-0.023651;182307
8042;-0.025177;182308
8043;-0.016022;182309
8044;-0.010681;182310
8045;0.005341;182311
8046;0.003815;182312
8047;0.003815;182313
8048;0.003815;182314
8049;0.003815;182315
8050;0.007629;182316
8051;0.009918;182317
8052;0.006104;182318
8053;0.003052;182319
8054;-0.000763;182320
8055;0.001526;182321
8056;0.008392;182322
8057;0.010681;182323
8058;-0.002289;182324
8059;0.003815;182325
8060;0.003815;182326
8061;-0.000763;182327
8062;-0.002289;182328
8063;-0.007629;182329
8064;-0.007629;182330
8065;-0.003052;182331
8066;-0.013733;182332
8067;-0.002289;182333
8068;-0.013733;182334
8069;-0.009918;182335
8070;-0.017548;182336
8071;-0.017548;182337
8072;-0.022888;182338
8073;-0.014496;182339
8074;-0.025177;182340
8075;-0.025177;182341
8076;-0.026703;182342
8077;-0.019073;182343
8078;-0.011444;182344
8079;-0.013733;182345
8080;-0.009918;182346
8081;-0.006866;182347
8082;-0.002289;182348
8083;0.003052;182349
8084;0.006866;182350
8085;0.003815;182351
8086;0.003052;182352
8087;-0.003052;182353
8088;0.003815;182354
8089;0.001526;182355
8090;0.003815;182356
8091;-0.004578;182357
8092;0.003052;182358
8093;-0.006866;182359
8094;-0.009918;182360
8095;-0.009155;182361
8096;-0.012970;182362
8097;-0.019836;182363
8098;-0.019836;182364
8099;-0.019836;182365
8100;-0.024414;182366
8101;-0.018311;182367
8102;-0.012970;182368
8103;-0.009918;182369
8104;-0.000763;182370
8105;0.003815;182371
8106;0.000000;182372
8107;0.005341;182373
8108;0.000763;182374
8109;0.003815;182375
8110;0.002289;182376
8111;-0.003815;182377
8112;0.003815;182378
8113;0.000763;182379
8114;-0.005341;182380
8115;0.000763;182381
8116;-0.012207;182382
8117;-0.009918;182383
8118;-0.020599;182384
8119;-0.013733;182385
8120;-0.033569;182386
8121;-0.014496;182387
8122;-0.005341;182388
8123;0.003052;182389
8124;0.005341;182390
8125;0.003815;182391
8126;0.003815;182392
8127;0.006866;182393
8128;0.003052;182394
8129;-0.004578;182395
8130;-0.003815;182396
8131;-0.006866;182397
8132;-0.012970;182398
8133;-0.019836;182399
8134;-0.016785;182400
8135;-0.023651;182401
8136;-0.012970;182402
8137;-0.012970;182403
8138;-0.000763;182404
8139;0.003815;182405
8140;-0.000763;182406
8141;0.003815;182407
8142;0.015259;182408
8143;0.003815;182409
8144;0.003815;182410
8145;0.002289;182411
8146;-0.006866;182412
8147;0.000000;182413
8148;-0.004578;182414
8149;-0.012207;182415
8150;-0.014496;182416
8151;-0.009918;182417
8152;-0.021362;182418
8153;-0.025940;182419
8154;-0.022888;182420
8155;-0.013733;182421
8156;-0.002289;182422
8157;0.000000;182423
8158;0.000763;182424
8159;0.001526;182425
8160;0.003815;182426
8161;0.012207;182427
8162;0.001526;182428
8163;0.000000;182429
8164;-0.000763;182430
8165;0.003815;182431
8166;-0.016022;182432
8167;-0.017548;182433
8168;-0.018311;182434
8169;-0.007629;182435
8170;-0.006866;182436
8171;0.003052;182437
8172;-0.009155;182438
8173;0.006104;182439
8174;0.009918;182440
8175;0.007629;182441
8176;0.000000;182442
8177;0.003052;182443
8178;0.003052;182444
8179;-0.003815;182445
8180;0.000000;182446
8181;0.000000;182447
8182;-0.009155;182448
8183;-0.009155;182449
8184;-0.023651;182450
8185;-0.022888;182451
8186;-0.027466;182452
8187;-0.024414;182453
8188;-0.019836;182454
8189;-0.021362;182455
8190;-0.019836;182456
8191;-0.025940;182457
8192;-0.017548;182458
8193;-0.009155;182459
8194;0.000763;182460
8195;-0.000763;182461
8196;0.001526;182462
8197;0.003815;182463
8198;0.003815;182464
8199;0.000000;182465
8200;0.007629;182466
8201;0.003815;182467
8202;0.010681;182468
8203;0.003815;182469
8204;0.002289;182470
8205;0.003815;182471
8206;-0.000763;182472
8207;0.006104;182473
8208;0.008392;182474
8209;0.007629;182475
8210;-0.003052;182476
8211;0.002289;182477
8212;0.007629;182478
8213;0.002289;182479
8214;0.003815;182480
8215;-0.003052;182481
8216;0.003052;182482
8217;-0.000763;182483
8218;-0.000763;182484
8219;-0.000763;182485
8220;-0.003815;182486
8221;-0.010681;182487
8222;-0.000763;182488
8223;-0.011444;182489
8224;-0.021362;182490
8225;-0.020599;182491
8226;-0.028229;182492
8227;-0.016022;182493
8228;-0.020599;182494
8229;-0.016022;182495
8230;-0.005341;182496
8231;0.000000;182497
8232;0.002289;182498
8233;0.006104;182499
8234;0.006866;182500
8235;0.008392;182501
8236;0.010681;182502
8237;0.000763;182503
8238;0.000763;182504
8239;0.003815;182505
8240;-0.003052;182506
8241;0.000000;182507
8242;0.000000;182508
8243;-0.020599;182509
8244;-0.025940;182510
8245;-0.023651;182511
8246;-0.019073;182512
8247;-0.024414;182513
8248;-0.011444;182514
8249;-0.011444;182515
8250;-0.012207;182516
8251;-0.009155;182517
8252;0.001526;182518
8253;0.002289;182519
8254;0.006104;182520
8255;0.009918;182521
8256;0.003815;182522
8257;-0.004578;182523
8258;0.000763;182524
8259;0.003815;182525
8260;-0.002289;182526
8261;0.006866;182527
8262;0.003052;182528
8263;-0.013733;182529
8264;-0.018311;182530
8265;-0.019836;182531
8266;-0.014496;182532
8267;-0.018311;182533
8268;-0.019073;182534
8269;-0.023651;182535
8270;-0.030518;182536
8271;-0.018311;182537
8272;-0.003815;182538
8273;0.003815;182539
8274;0.007629;182540
8275;0.002289;182541
8276;0.014496;182542
8277;0.003052;182543
8278;0.003815;182544
8279;0.000763;182545
8280;0.000763;182546
8281;-0.005341;182547
8282;-0.010681;182548
8283;-0.009918;182549
8284;-0.012207;182550
8285;-0.024414;182551
8286;-0.016785;182552
8287;-0.024414;182553
8288;-0.031281;182554
8289;-0.021362;182555
8290;-0.012207;182556
8291;-0.012207;182557
8292;0.003815;182558
8293;0.000763;182559
8294;0.003815;182560
8295;0.006104;182561
8296;0.003815;182562
8297;-0.009155;182563
8298;-0.003052;182564
8299;0.003815;182565
8300;0.002289;182566
8301;0.000763;182567
8302;-0.012970;182568
8303;-0.016022;182569
8304;-0.009918;182570
8305;-0.022888;182571
8306;-0.016022;182572
8307;-0.018311;182573
8308;-0.005341;182574
8309;-0.011444;182575
8310;0.003815;182576
8311;0.000763;182577
8312;0.003052;182578
8313;0.009155;182579
8314;-0.005341;182580
8315;-0.003815;182581
8316;0.001526;182582
8317;0.003815;182583
8318;-0.003052;182584
8319;-0.010681;182585
8320;-0.006104;182586
8321;-0.016022;182587
8322;-0.025940;182588
8323;-0.019073;182589
8324;-0.012970;182590
8325;-0.011444;182591
8326;-0.012207;182592
8327;0.005341;182593
8328;0.008392;182594
8329;0.005341;182595
8330;-0.006104;182596
8331;0.001526;182597
8332;-0.009918;182598
8333;0.001526;182599
8334;-0.002289;182600
8335;-0.003815;182601
8336;0.002289;182602
8337;-0.013733;182603
8338;-0.011444;182604
8339;-0.013733;182605
8340;-0.019073;182606
8341;-0.025177;182607
8342;-0.016022;182608
8343;-0.016785;182609
8344;-0.024414;182610
8345;-0.016022;182611
8346;-0.010681;182612
8347;-0.011444;182613
8348;-0.007629;182614
8349;-0.002289;182615
8350;0.000763;182616
8351;0.001526;182617
8352;0.003815;182618
8353;0.003052;182619
8354;0.006866;182620
8355;0.009155;182621
8356;0.009918;182622
8357;0.008392;182623
8358;0.005341;182624
8359;-0.003815;182625
8360;0.005341;182626
8361;0.001526;182627
8362;0.000000;182628
8363;-0.002289;182629
8364;0.006104;182630
8365;-0.000763;182631
8366;-0.009155;182632
8367;0.001526;182633
8368;0.003815;182634
8369;0.003815;182635
8370;-0.000763;182636
8371;-0.009918;182637
8372;-0.016022;182638
8373;-0.014496;182639
8374;-0.031281;182640
8375;-0.026703;182641
8376;-0.028229;182642
8377;-0.019836;182643
8378;-0.020599;182644
8379;-0.011444;182645
8380;-0.010681;182646
8381;-0.006866;182647
8382;0.003815;182648
8383;0.007629;182649
8384;0.009155;182650
8385;0.002289;182651
8386;0.007629;182652
8387;0.003815;182653
8388;0.010681;182654
8389;0.000000;182655
8390;0.000000;182656
8391;-0.003815;182657
8392;-0.012207;182658
8393;-0.003815;182659
8394;-0.003815;182660
8395;-0.003052;182661
8396;0.003815;182662
8397;-0.003052;182663
8398;-0.000763;182664
8399;-0.003815;182665
8400;-0.016022;182666
8401;-0.010681;182667
8402;-0.009918;182668
8403;-0.016785;182669
8404;-0.007629;182670
8405;-0.025177;182671
8406;-0.028229;182672
8407;-0.022888;182673
8408;-0.021362;182674
8409;-0.009155;182675
8410;-0.009918;182676
8411;-0.016022;182677
8412;-0.021362;182678
8413;-0.004578;182679
8414;-0.003815;182680
8415;0.005341;182681
8416;0.003815;182682
8417;0.007629;182683
8418;0.007629;182684
8419;0.008392;182685
8420;0.012970;182686
8421;0.003815;182687
8422;0.003815;182688
8423;0.000763;182689
8424;-0.009155;182690
8425;0.000763;182691
8426;0.003815;182692
8427;0.003815;182693
8428;-0.004578;182694
8429;0.001526;182695
8430;-0.000763;182696
8431;-0.009155;182697
8432;-0.007629;182698
8433;-0.009918;182699
8434;-0.013733;182700
8435;-0.009155;182701
8436;-0.021362;182702
8437;-0.027466;182703
8438;-0.012970;182704
8439;-0.012970;182705
8440;-0.017548;182706
8441;0.000763;182707
8442;0.000763;182708
8443;0.003815;182709
8444;0.002289;182710
8445;0.009155;182711
8446;0.003815;182712
8447;0.002289;182713
8448;0.000763;182714
8449;0.001526;182715
8450;-0.003052;182716
8451;-0.003052;182717
8452;-0.016785;182718
8453;-0.019836;182719
8454;-0.019073;182720
8455;-0.020599;182721
8456;-0.021362;182722
8457;-0.016022;182723
8458;-0.020599;182724
8459;-0.019836;182725
8460;0.000763;182726
8461;0.003815;182727
8462;-0.000763;182728
8463;0.007629;182729
8464;0.009918;182730
8465;0.003815;182731
8466;0.002289;182732
8467;0.003815;182733
8468;0.000000;182734
8469;-0.003815;182735
8470;0.001526;182736
8471;0.001526;182737
8472;-0.006104;182738
8473;0.000000;182739
8474;-0.011444;182740
8475;-0.020599;182741
8476;-0.024414;182742
8477;-0.022888;182743
8478;-0.018311;182744
8479;-0.003052;182745
8480;-0.005341;182746
8481;-0.003052;182747
8482;0.003815;182748
8483;0.006104;182749
8484;0.013733;182750
8485;0.005341;182751
8486;0.009918;182752
8487;0.007629;182753
8488;0.003815;182754
8489;0.003815;182755
8490;0.006866;182756
8491;0.001526;182757
8492;-0.007629;182758
8493;0.003815;182759
8494;0.000763;182760
8495;-0.009918;182761
8496;-0.009155;182762
8497;-0.000763;182763
8498;-0.018311;182764
8499;-0.012207;182765
8500;-0.011444;182766
8501;-0.019836;182767
8502;-0.017548;182768
8503;-0.016785;182769
8504;-0.025177;182770
8505;-0.017548;182771
8506;-0.016785;182772
8507;-0.021362;182773
8508;-0.014496;182774
8509;-0.009155;182775
8510;-0.011444;182776
8511;0.006866;182777
8512;0.007629;182778
8513;0.005341;182779
8514;0.003815;182780
8515;0.000763;182781
8516;0.003815;182782
8517;-0.005341;182783
8518;0.003052;182784
8519;-0.002289;182785
8520;-0.003052;182786
8521;-0.003815;182787
8522;-0.003815;182788
8523;-0.002289;182789
8524;-0.003815;182790
8525;-0.009155;182791
8526;-0.018311;182792
8527;-0.019073;182793
8528;-0.019836;182794
8529;-0.011444;182795
8530;-0.022888;182796
8531;-0.020599;182797
8532;-0.022888;182798
8533;-0.016022;182799
8534;-0.023651;182800
8535;-0.018311;182801
8536;-0.020599;182802
8537;-0.026703;182803
8544;0.001526;182810
8553;-0.002289;182819
8561;-0.006104;182827
8569;-0.012970;182835
8576;-0.013733;182842
8583;0.006104;182849
8591;-0.018311;182857
8599;-0.010681;182865
8607;0.003815;182873
8615;0.012207;182881
8624;-0.007629;182890
8632;-0.038147;182898
8640;0.005341;182906
8648;-0.013733;182914
8655;-0.021362;182921
8664;0.010681;182930
8672;0.000000;182938
8681;-0.030518;182947
8689;0.001526;182955
8698;0.000000;182964
8706;0.002289;182972
8714;-0.019073;182980
8722;0.001526;182988
8730;-0.003052;182996
8739;1.851654;183005
8746;1.575470;183012
8755;1.290894;183021
8763;1.078796;183029
8770;0.914001;183036
8777;0.794220;183043
8785;0.660706;183051
8793;0.564575;183059
8802;0.440216;183068
8811;0.369263;183077
8819;0.314331;183085
8827;0.264740;183093
8836;0.222015;183102
8844;0.192261;183110
8853;0.144196;183119
8861;0.114441;183127
8868;0.091553;183134
8875;0.101471;183141
8883;0.094604;183149
8890;0.050354;183156
8898;0.070190;183164
8906;0.048828;183172
8914;0.017548;183180
8923;0.031281;183189
8931;0.041199;183197
8940;0.024414;183206
8948;0.003815;183214
8957;0.017548;183223
8965;0.013733;183231
8973;0.007629;183239
8981;-0.011444;183247
8989;-0.003815;183255
8997;0.003815;183263
9004;0.006104;183270
9012;0.009155;183278
9019;0.012970;183285
9027;-0.009918;183293
9035;0.003815;183301
9043;-0.000763;183309
9050;-0.011444;183316
9057;0.012970;183323
9065;-0.016022;183331
9072;0.012207;183338
9082;-0.016022;183348
9090;0.003815;183356
9098;-0.003815;183364
9106;0.009918;183372
9114;-0.010681;183380
9122;0.002289;183388
9131;-0.005341;183397
9139;-0.007629;183405
9146;0.001526;183412
9155;0.006104;183421
9165;0.002289;183431
9173;-0.010681;183439
9180;-0.009918;183446
9188;-0.019836;183454
9196;-0.018311;183462
9203;-0.012207;183469
9211;-0.009918;183477
9220;-0.000763;183486
9229;0.003815;183495
9237;0.003052;183503
9244;-0.030518;183510
9251;-0.020599;183517
9258;0.003815;183524
9265;-0.002289;183531
9272;-0.010681;183538
9279;-0.028229;183545
9287;-0.009918;183553
9295;0.000763;183561
9304;0.003815;183570
9313;-0.014496;183579
9323;0.003815;183589
9332;-0.006866;183598
9340;0.006866;183606
9348;-0.011444;183614
9356;-0.000763;183622
9364;-0.024414;183630
9371;-0.003052;183637
9378;-0.022888;183644
9385;-0.003052;183651
9392;-0.006866;183658
9400;-0.020599;183666
9408;-0.003052;183674
9415;-0.022888;183681
9422;-0.000763;183688
9429;-0.019836;183695
9436;0.003815;183702
9443;-0.003052;183709
9451;-0.016022;183717
9460;0.000000;183726
9469;-0.017548;183735
9477;0.003815;183743
9484;-0.005341;183750
9493;-0.021362;183759
9501;-0.003815;183767
9511;-0.000763;183777
9519;-0.012207;183785
9526;0.003052;183792
9533;-0.016022;183799
9541;0.003815;183807
9548;-0.029755;183814
9555;-0.005341;183821
9562;0.005341;183828
9569;-0.021362;183835
9576;-0.011444;183842
9584;0.006866;183850
9592;-0.010681;183858
9600;-0.018311;183866
9608;-0.000763;183874
9615;-0.032806;183881
9622;0.008392;183888
9629;-0.004578;183895
9636;-0.007629;183902
9643;-0.005341;183909
9652;-0.023651;183918
9661;0.000763;183927
9669;-0.003815;183935
9676;-0.000763;183942
9683;-0.019073;183949
9690;-0.022888;183956
9697;-0.003052;183963
9705;0.009155;183971
9713;-0.012970;183979
9720;-0.032043;183986
9727;-0.006104;183993
9734;-0.003052;184000
9742;-0.014496;184008
9749;-0.019836;184015
9757;-0.025940;184023
9765;-0.032043;184031
9774;-0.030518;184040
9782;-0.012970;184048
9790;-0.000763;184056
9798;-0.009155;184064
9806;-0.012207;184072
9814;-0.007629;184080
9821;-0.028229;184087
9830;-0.032043;184096
9839;-0.012970;184105
9847;-0.002289;184113
9854;-0.003815;184120
9861;-0.025177;184127
9868;-0.005341;184134
9875;-0.007629;184141
9882;-0.019073;184148
9889;-0.028229;184155
9896;-0.003052;184162
9903;-0.011444;184169
9910;-0.006104;184176
9917;-0.035095;184183
9925;-0.019836;184191
9933;0.003052;184199
9940;-0.005341;184206
9947;-0.022888;184213
9954;-0.006866;184220
9962;-0.003815;184228
9969;-0.020599;184235
9976;-0.021362;184242
9983;-0.004578;184249
9990;-0.018311;184256
9997;-0.004578;184263
10004;-0.006866;184270
10011;-0.025940;184277
10018;-0.004578;184284
10025;-0.005341;184291
10032;-0.032043;184298
10040;0.002289;184306
10047;-0.012970;184313
10054;-0.016785;184320
10063;0.000000;184329
10071;-0.023651;184337
10078;0.003815;184344
10085;-0.011444;184351
10092;-0.017548;184358
10099;-0.017548;184365
10106;0.000763;184372
10114;-0.012970;184380
10121;-0.016785;184387
10128;0.000763;184394
10135;-0.023651;184401
10142;-0.000763;184408
10150;-0.016785;184416
10157;-0.003052;184423
10164;-0.019836;184430
10171;-0.002289;184437
10178;-0.017548;184444
10185;0.006104;184451
10193;-0.017548;184459
10200;-0.011444;184466
10207;-0.022888;184473
10214;-0.000763;184480
10221;-0.031281;184487
10228;-0.009155;184494
10235;-0.028229;184501
10242;0.006104;184508
10249;-0.017548;184515
10256;-0.003815;184522
10263;-0.007629;184529
10270;-0.023651;184536
10277;0.000000;184543
10284;-0.025177;184550
10292;-0.005341;184558
10299;-0.010681;184565
10306;-0.014496;184572
10313;-0.004578;184579
10320;0.001526;184586
10327;-0.024414;184593
10334;0.003815;184600
10341;-0.005341;184607
10348;-0.014496;184614
10355;-0.025940;184621
10362;0.002289;184628
10370;-0.019073;184636
10378;-0.016785;184644
10385;0.000000;184651
10392;0.000000;184658
10399;-0.009918;184665
10407;-0.019073;184673
10414;0.005341;184680
10421;0.003815;184687
10428;-0.020599;184694
10435;-0.003052;184701
10442;-0.012207;184708
10450;-0.016022;184716
10457;-0.003815;184723
10464;-0.019073;184730
10472;-0.023651;184738
10479;-0.016785;184745
10486;0.003815;184752
10493;0.002289;184759
10500;-0.013733;184766
10507;-0.025177;184773
10514;-0.012970;184780
10521;-0.003815;184787
10529;0.003052;184795
10536;-0.014496;184802
10543;0.006866;184809
10550;-0.003052;184816
10557;-0.017548;184823
10564;0.001526;184830
10571;-0.024414;184837
10578;-0.003815;184844
10585;-0.012970;184851
10592;-0.006866;184858
10599;0.000000;184865
10606;-0.019073;184872
10613;0.006104;184879
10620;-0.012970;184886
10627;0.003815;184893
10634;-0.012970;184900
10641;-0.000763;184907
10648;-0.019073;184914
10655;-0.003052;184921
10662;-0.016785;184928
10670;-0.003815;184936
10677;-0.022888;184943
10684;0.001526;184950
10691;-0.004578;184957
10698;-0.024414;184964
10705;-0.017548;184971
10712;0.003815;184978
10719;0.006104;184985
10727;-0.010681;184993
10734;-0.021362;185000
10741;0.005341;185007
10748;-0.003052;185014
10756;-0.024414;185022
10763;0.000763;185029
10770;0.001526;185036
10778;-0.009918;185044
10785;-0.020599;185051
10792;-0.002289;185058
10799;-0.009155;185065
10807;-0.029755;185073
10814;-0.003052;185080
10822;0.003815;185088
10829;-0.003815;185095
10836;-0.009155;185102
10843;-0.031281;185109
10850;0.003815;185116
10857;0.003815;185123
10864;-0.022888;185130
10871;-0.017548;185137
10878;-0.002289;185144
10885;-0.009918;185151
10893;-0.012970;185159
10900;0.007629;185166
10907;-0.000763;185173
10914;-0.018311;185180
10921;0.001526;185187
10928;-0.006866;185194
10935;-0.010681;185201
10942;-0.002289;185208
10949;-0.021362;185215
10956;-0.003052;185222
10963;0.000000;185229
10970;-0.012207;185236
10978;-0.004578;185244
10985;0.006104;185251
10992;-0.005341;185258
10999;-0.017548;185265
11006;-0.019836;185272
11013;0.000000;185279
11020;0.000000;185286
11027;-0.017548;185293
11034;-0.012207;185300
11041;-0.003052;185307
11048;0.000763;185314
11055;-0.010681;185321
11062;-0.020599;185328
11069;-0.017548;185335
11076;0.005341;185342
11083;0.000000;185349
11090;-0.006104;185356
11097;-0.022888;185363
11104;-0.003815;185370
11111;0.000000;185377
11118;-0.018311;185384
11125;-0.027466;185391
11132;0.003815;185398
11139;-0.005341;185405
11146;-0.011444;185412
11153;-0.021362;185419
11160;0.003052;185426
11167;0.000000;185433
11174;0.003052;185440
11182;-0.014496;185448
11189;0.003815;185455
11196;-0.006866;185462
11203;-0.018311;185469
11210;-0.002289;185476
11217;-0.006104;185483
11224;-0.030518;185490
11231;0.001526;185497
11238;-0.003815;185504
11245;-0.003052;185511
11252;-0.016785;185518
11259;0.006866;185525
11266;-0.002289;185532
11273;-0.005341;185539
11280;-0.030518;185546
11287;0.003815;185553
11294;-0.011444;185560
11301;-0.017548;185567
11308;-0.006104;185574
11315;-0.003815;185581
11322;-0.006866;185588
11329;-0.029755;185595
11336;-0.000763;185602
11343;0.012970;185609
11350;-0.009155;185616
11357;-0.010681;185623
11364;0.003815;185630
11371;-0.011444;185637
11378;-0.016022;185644
11385;-0.018311;185651
11392;-0.009918;185658
11399;-0.003815;185665
11406;-0.025177;185672
11413;0.009155;185679
11420;-0.006866;185686
11427;-0.011444;185693
11434;0.003052;185700
11441;-0.020599;185707
11448;-0.010681;185714
11455;-0.014496;185721
11462;0.003815;185728
11469;0.003815;185735
11476;-0.030518;185742
11483;-0.002289;185749
11490;0.003815;185756
11497;-0.025940;185763
11504;0.003815;185770
11511;-0.003815;185777
11518;-0.013733;185784
11525;0.000000;185791
11532;-0.007629;185798
11539;0.001526;185805
11546;-0.018311;185812
11553;-0.004578;185819
11560;0.001526;185826
11567;-0.012970;185833
11574;-0.002289;185840
11581;-0.006866;185847
11588;-0.002289;185854
11595;-0.016785;185861
11602;-0.007629;185868
11609;0.003052;185875
11616;-0.020599;185882
11623;-0.006104;185889
11630;-0.007629;185896
11637;0.003052;185903
11644;-0.023651;185910
11651;-0.000763;185917
11658;-0.026703;185924
