ID;VALUE;TIMESTAMP
0;0.000000;53199
1;0.030518;53200
2;0.030518;53201
3;0.030518;53202
4;-0.061035;53203
5;-0.030518;53204
6;-0.091553;53205
7;0.030518;53206
8;0.030518;53207
9;0.030518;53208
10;-0.061035;53209
11;0.000000;53210
12;-0.030518;53211
13;0.030518;53212
14;-0.030518;53213
15;-0.061035;53214
16;0.000000;53215
17;-0.122070;53216
18;0.030518;53217
19;0.030518;53218
20;0.030518;53219
21;-0.152588;53220
22;-0.213623;53221
23;0.000000;53222
24;0.091553;53223
25;0.030518;53224
26;0.091553;53225
27;-0.061035;53226
28;-0.244141;53227
29;0.030518;53228
30;-0.122070;53229
31;0.000000;53230
32;-0.030518;53231
33;-0.091553;53232
34;0.030518;53233
35;0.030518;53234
36;-0.030518;53235
37;-0.152588;53236
38;0.000000;53237
39;0.030518;53238
40;0.030518;53239
41;0.030518;53240
42;-0.030518;53241
43;-0.122070;53242
44;0.030518;53243
45;0.030518;53244
46;-0.091553;53245
47;-0.030518;53246
48;-0.091553;53247
49;0.000000;53248
50;-0.091553;53249
51;-0.122070;53250
52;0.030518;53251
53;0.030518;53252
54;0.030518;53253
55;0.030518;53254
56;-0.061035;53255
57;0.030518;53256
58;-0.122070;53257
59;-0.030518;53258
60;-0.061035;53259
61;0.000000;53260
62;0.030518;53261
63;-0.030518;53262
64;-0.061035;53263
65;0.122070;53264
66;0.000000;53265
67;0.152588;53266
68;0.152588;53267
69;0.122070;53268
70;0.030518;53269
71;0.030518;53270
72;0.000000;53271
73;0.152588;53272
74;0.183105;53273
75;-0.061035;53274
76;0.152588;53275
77;0.152588;53276
78;0.091553;53277
79;0.030518;53278
80;0.152588;53279
81;0.152588;53280
82;0.122070;53281
83;-0.061035;53282
84;0.183105;53283
85;0.030518;53284
86;0.152588;53285
87;0.030518;53286
88;0.122070;53287
89;0.244141;53288
90;0.122070;53289
91;0.122070;53290
92;0.030518;53291
93;0.030518;53292
94;0.122070;53293
95;0.030518;53294
96;0.122070;53295
97;0.213623;53296
98;0.122070;53297
99;0.274658;53298
100;0.366211;53299
101;0.183105;53300
102;0.213623;53301
103;0.030518;53302
104;0.000000;53303
105;0.091553;53304
106;0.030518;53305
107;0.122070;53306
108;0.183105;53307
109;0.000000;53308
110;0.213623;53309
111;0.091553;53310
112;0.000000;53311
113;0.030518;53312
114;0.091553;53313
115;0.030518;53314
116;-0.061035;53315
117;-0.091553;53316
118;-0.091553;53317
119;0.030518;53318
120;0.030518;53319
121;0.030518;53320
122;-0.091553;53321
123;-0.030518;53322
124;-0.061035;53323
125;-0.091553;53324
126;-0.091553;53325
127;-0.061035;53326
128;0.091553;53327
129;0.091553;53328
130;0.030518;53329
131;0.122070;53330
132;0.000000;53331
133;0.030518;53332
134;0.030518;53333
135;0.030518;53334
136;0.244141;53335
137;0.122070;53336
138;0.000000;53337
139;0.183105;53338
140;0.030518;53339
141;0.030518;53340
142;0.213623;53341
143;0.122070;53342
144;0.091553;53343
145;0.091553;53344
146;0.030518;53345
147;-0.030518;53346
148;0.152588;53347
149;0.091553;53348
150;0.183105;53349
151;0.000000;53350
152;0.213623;53351
153;0.091553;53352
154;0.030518;53353
155;0.244141;53354
156;0.091553;53355
157;0.030518;53356
158;0.030518;53357
159;-0.030518;53358
160;0.152588;53359
161;0.030518;53360
162;0.000000;53361
163;0.152588;53362
164;0.030518;53363
165;0.030518;53364
166;-0.122070;53365
167;0.030518;53366
168;0.030518;53367
169;0.122070;53368
170;0.122070;53369
171;0.091553;53370
172;0.183105;53371
173;0.244141;53372
174;0.152588;53373
175;0.091553;53374
176;0.030518;53375
177;0.244141;53376
178;0.030518;53377
179;0.152588;53378
180;0.122070;53379
181;0.091553;53380
182;0.213623;53381
183;-0.030518;53382
184;0.091553;53383
185;0.183105;53384
186;0.122070;53385
187;0.030518;53386
188;0.030518;53387
189;0.030518;53388
190;0.030518;53389
191;0.030518;53390
192;0.030518;53391
193;0.152588;53392
194;0.030518;53393
195;0.000000;53394
196;0.030518;53395
197;0.183105;53396
198;0.244141;53397
199;0.091553;53398
200;0.030518;53399
201;0.244141;53400
202;0.091553;53401
203;0.213623;53402
204;0.030518;53403
205;0.030518;53404
206;0.183105;53405
207;0.030518;53406
208;0.183105;53407
209;0.030518;53408
210;0.152588;53409
211;0.183105;53410
212;0.152588;53411
213;0.030518;53412
214;0.030518;53413
215;0.030518;53414
216;0.030518;53415
217;-0.030518;53416
218;-0.030518;53417
219;0.030518;53418
220;0.000000;53419
221;-0.030518;53420
222;-0.152588;53421
223;0.000000;53422
224;0.030518;53423
225;0.000000;53424
226;-0.244141;53425
227;-0.091553;53426
228;-0.061035;53427
229;-0.030518;53428
230;-0.122070;53429
231;0.030518;53430
232;-0.122070;53431
233;0.000000;53432
234;-0.152588;53433
235;0.030518;53434
236;0.000000;53435
237;0.030518;53436
238;0.091553;53437
239;0.000000;53438
240;0.000000;53439
241;0.030518;53440
242;-0.030518;53441
243;0.030518;53442
244;0.091553;53443
245;0.122070;53444
246;0.030518;53445
247;0.091553;53446
248;0.030518;53447
249;0.030518;53448
250;0.030518;53449
251;0.030518;53450
252;0.030518;53451
253;0.152588;53452
254;0.030518;53453
255;0.030518;53454
256;0.183105;53455
257;0.030518;53456
258;0.030518;53457
259;-0.061035;53458
260;0.213623;53459
261;0.122070;53460
262;0.091553;53461
263;0.183105;53462
264;0.091553;53463
265;0.091553;53464
266;0.091553;53465
267;0.091553;53466
268;0.091553;53467
269;0.030518;53468
270;0.030518;53469
271;0.030518;53470
272;0.030518;53471
273;0.030518;53472
274;0.030518;53473
275;0.183105;53474
276;0.122070;53475
277;0.030518;53476
278;0.030518;53477
279;0.030518;53478
280;0.030518;53479
281;0.030518;53480
282;0.213623;53481
283;0.091553;53482
284;0.091553;53483
285;0.030518;53484
286;0.152588;53485
287;0.183105;53486
288;0.122070;53487
289;0.183105;53488
290;0.030518;53489
291;0.091553;53490
292;0.030518;53491
293;0.152588;53492
294;-0.030518;53493
295;0.000000;53494
296;0.030518;53495
297;0.000000;53496
298;-0.061035;53497
299;-0.122070;53498
300;-0.061035;53499
301;0.000000;53500
302;0.091553;53501
303;-0.030518;53502
304;0.000000;53503
305;-0.091553;53504
306;-0.030518;53505
307;-0.061035;53506
308;0.030518;53507
309;0.000000;53508
310;-0.122070;53509
311;0.000000;53510
312;0.000000;53511
313;0.091553;53512
314;0.030518;53513
315;0.030518;53514
316;0.030518;53515
317;0.091553;53516
318;0.122070;53517
319;-0.030518;53518
320;0.030518;53519
321;-0.061035;53520
322;0.183105;53521
323;0.030518;53522
324;0.030518;53523
325;0.030518;53524
326;0.000000;53525
327;0.030518;53526
328;-0.030518;53527
329;-0.091553;53528
330;-0.152588;53529
331;-0.030518;53530
332;0.030518;53531
333;-0.030518;53532
334;0.030518;53533
335;0.000000;53534
336;-0.030518;53535
337;-0.061035;53536
338;0.030518;53537
339;-0.061035;53538
340;0.030518;53539
341;0.000000;53540
342;0.000000;53541
343;-0.061035;53542
344;0.030518;53543
345;-0.152588;53544
346;0.030518;53545
347;0.000000;53546
348;0.030518;53547
349;0.000000;53548
350;0.091553;53549
351;0.030518;53550
352;-0.213623;53551
353;-0.122070;53552
354;-0.030518;53553
355;0.091553;53554
356;0.000000;53555
357;0.000000;53556
358;-0.122070;53557
359;0.030518;53558
360;0.000000;53559
361;0.000000;53560
362;-0.122070;53561
363;0.030518;53562
364;-0.091553;53563
365;-0.030518;53564
366;0.000000;53565
367;0.152588;53566
368;0.030518;53567
369;0.030518;53568
370;0.213623;53569
371;0.030518;53570
372;0.244141;53571
373;0.030518;53572
374;0.152588;53573
375;0.030518;53574
376;0.030518;53575
377;0.091553;53576
378;0.091553;53577
379;0.122070;53578
380;0.183105;53579
381;0.183105;53580
382;0.244141;53581
383;0.305176;53582
384;0.122070;53583
385;0.091553;53584
386;0.030518;53585
387;0.030518;53586
388;-0.030518;53587
389;-0.122070;53588
390;0.030518;53589
391;-0.091553;53590
392;-0.152588;53591
393;-0.122070;53592
394;0.000000;53593
395;-0.030518;53594
396;0.030518;53595
397;0.000000;53596
398;0.000000;53597
399;0.000000;53598
400;0.030518;53599
401;0.030518;53600
402;0.030518;53601
403;0.183105;53602
404;0.213623;53603
405;0.152588;53604
406;0.274658;53605
407;0.122070;53606
408;0.030518;53607
409;0.030518;53608
410;0.152588;53609
411;0.030518;53610
412;0.030518;53611
413;-0.122070;53612
414;0.000000;53613
415;-0.244141;53614
416;0.030518;53615
417;0.091553;53616
418;0.122070;53617
419;0.030518;53618
420;0.030518;53619
421;-0.061035;53620
422;0.030518;53621
423;0.213623;53622
424;0.030518;53623
425;0.183105;53624
426;0.244141;53625
427;0.152588;53626
428;0.274658;53627
429;0.274658;53628
430;0.152588;53629
431;0.152588;53630
432;0.152588;53631
433;0.122070;53632
434;0.030518;53633
435;0.030518;53634
436;-0.061035;53635
437;0.030518;53636
438;-0.061035;53637
439;-0.061035;53638
440;-0.030518;53639
441;0.030518;53640
442;0.274658;53641
443;0.122070;53642
444;0.152588;53643
445;0.152588;53644
446;0.000000;53645
447;-0.030518;53646
448;-0.122070;53647
449;0.030518;53648
450;-0.030518;53649
451;0.030518;53650
452;-0.091553;53651
453;0.030518;53652
454;0.366211;53653
455;0.030518;53654
456;0.030518;53655
457;0.000000;53656
458;0.213623;53657
459;0.030518;53658
460;0.030518;53659
461;0.030518;53660
462;0.030518;53661
463;-0.122070;53662
464;-0.122070;53663
465;0.030518;53664
466;0.030518;53665
467;0.152588;53666
468;-0.030518;53667
469;0.152588;53668
470;0.122070;53669
471;0.183105;53670
472;0.213623;53671
473;0.244141;53672
474;0.030518;53673
475;0.030518;53674
476;0.030518;53675
477;-0.152588;53676
478;-0.122070;53677
479;0.000000;53678
480;0.000000;53679
481;0.152588;53680
482;0.152588;53681
483;0.183105;53682
484;0.030518;53683
485;0.122070;53684
486;0.030518;53685
487;-0.122070;53686
488;0.030518;53687
489;0.030518;53688
490;0.000000;53689
491;-0.030518;53690
492;-0.152588;53691
493;0.000000;53692
494;0.030518;53693
495;0.274658;53694
496;0.030518;53695
497;0.030518;53696
498;0.030518;53697
499;0.030518;53698
500;0.305176;53699
501;0.000000;53700
502;0.183105;53701
503;0.305176;53702
504;0.152588;53703
505;0.213623;53704
506;0.122070;53705
507;0.091553;53706
508;0.030518;53707
509;0.030518;53708
510;0.030518;53709
511;0.000000;53710
512;0.030518;53711
513;0.030518;53712
514;0.030518;53713
515;-0.091553;53714
516;-0.030518;53715
517;-0.122070;53716
518;-0.030518;53717
519;0.030518;53718
520;-0.061035;53719
521;0.030518;53720
522;-0.061035;53721
523;0.030518;53722
524;-0.030518;53723
525;0.030518;53724
526;-0.152588;53725
527;0.030518;53726
528;-0.152588;53727
529;-0.213623;53728
530;-0.244141;53729
531;0.030518;53730
532;0.030518;53731
533;-0.091553;53732
534;-0.091553;53733
535;-0.152588;53734
536;-0.061035;53735
537;0.030518;53736
538;0.030518;53737
539;0.030518;53738
540;-0.030518;53739
541;-0.122070;53740
542;-0.030518;53741
543;0.030518;53742
544;0.000000;53743
545;-0.030518;53744
546;-0.030518;53745
547;0.152588;53746
548;0.030518;53747
549;0.152588;53748
550;0.244141;53749
551;0.213623;53750
552;0.030518;53751
553;0.244141;53752
554;0.030518;53753
555;0.091553;53754
556;0.122070;53755
557;0.305176;53756
558;0.122070;53757
559;0.244141;53758
560;0.030518;53759
561;0.244141;53760
562;0.122070;53761
563;0.183105;53762
564;0.122070;53763
565;0.213623;53764
566;0.183105;53765
567;0.122070;53766
568;0.030518;53767
569;0.030518;53768
570;0.213623;53769
571;0.030518;53770
572;0.091553;53771
573;0.122070;53772
574;-0.091553;53773
575;0.091553;53774
576;0.122070;53775
577;0.030518;53776
578;-0.061035;53777
579;0.000000;53778
580;-0.030518;53779
581;0.030518;53780
582;0.000000;53781
583;0.030518;53782
584;0.030518;53783
585;-0.030518;53784
586;0.030518;53785
587;-0.061035;53786
588;0.000000;53787
589;0.030518;53788
590;-0.061035;53789
591;-0.091553;53790
592;-0.122070;53791
593;-0.030518;53792
594;0.030518;53793
595;0.000000;53794
596;0.030518;53795
597;-0.091553;53796
598;-0.030518;53797
599;0.000000;53798
600;0.030518;53799
601;-0.091553;53800
602;0.030518;53801
603;-0.030518;53802
604;-0.061035;53803
605;-0.122070;53804
606;0.030518;53805
607;0.030518;53806
608;-0.030518;53807
609;-0.335693;53808
610;-0.061035;53809
611;0.030518;53810
612;0.030518;53811
613;0.000000;53812
614;0.030518;53813
615;-0.091553;53814
616;-0.091553;53815
617;0.000000;53816
618;0.030518;53817
619;0.030518;53818
620;-0.122070;53819
621;0.213623;53820
622;0.091553;53821
623;0.091553;53822
624;0.183105;53823
625;0.122070;53824
626;0.030518;53825
627;0.091553;53826
628;0.244141;53827
629;0.152588;53828
630;0.427246;53829
631;0.305176;53830
632;0.030518;53831
633;0.244141;53832
634;0.091553;53833
635;0.122070;53834
636;0.122070;53835
637;0.213623;53836
638;0.183105;53837
639;0.030518;53838
640;0.030518;53839
641;0.244141;53840
642;0.030518;53841
643;0.213623;53842
644;0.213623;53843
645;0.213623;53844
646;0.030518;53845
647;0.122070;53846
648;0.122070;53847
649;0.152588;53848
650;0.122070;53849
651;0.152588;53850
652;0.030518;53851
653;0.030518;53852
654;0.000000;53853
655;0.030518;53854
656;0.030518;53855
657;0.030518;53856
658;0.091553;53857
659;0.122070;53858
660;0.030518;53859
661;0.274658;53860
662;0.122070;53861
663;0.183105;53862
664;0.030518;53863
665;0.030518;53864
666;0.030518;53865
667;0.091553;53866
668;0.213623;53867
669;0.152588;53868
670;0.183105;53869
671;0.030518;53870
672;-0.030518;53871
673;0.030518;53872
674;0.091553;53873
675;0.183105;53874
676;0.152588;53875
677;0.000000;53876
678;0.030518;53877
679;0.030518;53878
680;0.030518;53879
681;0.000000;53880
682;0.152588;53881
683;0.030518;53882
684;0.152588;53883
685;0.152588;53884
686;0.244141;53885
687;0.305176;53886
688;0.030518;53887
689;0.030518;53888
690;0.030518;53889
691;0.305176;53890
692;0.183105;53891
693;0.091553;53892
694;0.213623;53893
695;0.183105;53894
696;0.091553;53895
697;0.091553;53896
698;0.030518;53897
699;0.152588;53898
700;0.122070;53899
701;0.091553;53900
702;0.000000;53901
703;0.030518;53902
704;-0.091553;53903
705;0.030518;53904
706;-0.061035;53905
707;0.122070;53906
708;0.030518;53907
709;-0.030518;53908
710;-0.030518;53909
711;0.030518;53910
712;0.091553;53911
713;0.152588;53912
714;0.030518;53913
715;0.152588;53914
716;0.213623;53915
717;0.122070;53916
718;0.152588;53917
719;0.183105;53918
720;0.030518;53919
721;0.122070;53920
722;0.030518;53921
723;0.030518;53922
724;-0.030518;53923
725;0.091553;53924
726;-0.061035;53925
727;0.000000;53926
728;-0.030518;53927
729;0.030518;53928
730;0.030518;53929
731;0.091553;53930
732;0.030518;53931
733;0.030518;53932
734;0.030518;53933
735;0.030518;53934
736;0.030518;53935
737;0.000000;53936
738;-0.030518;53937
739;0.030518;53938
740;0.030518;53939
741;0.030518;53940
742;-0.091553;53941
743;0.030518;53942
744;-0.213623;53943
745;-0.030518;53944
746;0.000000;53945
747;0.030518;53946
748;-0.122070;53947
749;0.000000;53948
750;0.122070;53949
751;0.030518;53950
752;0.091553;53951
753;0.091553;53952
754;0.152588;53953
755;0.030518;53954
756;0.030518;53955
757;-0.030518;53956
758;0.030518;53957
759;0.030518;53958
760;0.030518;53959
761;0.030518;53960
762;0.000000;53961
763;-0.122070;53962
764;0.030518;53963
765;-0.122070;53964
766;-0.122070;53965
767;-0.061035;53966
768;-0.091553;53967
769;-0.030518;53968
770;0.000000;53969
771;-0.122070;53970
772;0.000000;53971
773;0.030518;53972
774;-0.122070;53973
775;0.000000;53974
776;0.030518;53975
777;0.122070;53976
778;-0.091553;53977
779;-0.091553;53978
780;0.030518;53979
781;-0.091553;53980
782;0.030518;53981
783;0.030518;53982
784;0.000000;53983
785;0.030518;53984
786;-0.030518;53985
787;-0.061035;53986
788;0.091553;53987
789;0.000000;53988
790;0.030518;53989
791;0.030518;53990
792;0.274658;53991
793;0.152588;53992
794;0.183105;53993
795;0.030518;53994
796;0.030518;53995
797;-0.061035;53996
798;0.152588;53997
799;0.122070;53998
800;0.030518;53999
801;0.244141;54000
802;0.091553;54001
803;0.030518;54002
804;0.122070;54003
805;0.030518;54004
806;0.122070;54005
807;0.030518;54006
808;-0.091553;54007
809;-0.061035;54008
810;0.030518;54009
811;0.030518;54010
812;-0.091553;54011
813;-0.061035;54012
814;-0.091553;54013
815;-0.030518;54014
816;0.030518;54015
817;-0.061035;54016
818;-0.244141;54017
819;0.030518;54018
820;-0.122070;54019
821;-0.030518;54020
822;0.030518;54021
823;-0.122070;54022
824;0.030518;54023
825;-0.091553;54024
826;-0.061035;54025
827;0.091553;54026
828;0.030518;54027
829;0.030518;54028
830;0.030518;54029
831;0.000000;54030
832;0.030518;54031
833;0.152588;54032
834;0.030518;54033
835;0.030518;54034
836;0.000000;54035
837;-0.122070;54036
838;0.030518;54037
839;0.030518;54038
840;-0.213623;54039
841;0.030518;54040
842;-0.030518;54041
843;-0.122070;54042
844;-0.122070;54043
845;-0.091553;54044
846;-0.030518;54045
847;0.030518;54046
848;0.152588;54047
849;-0.030518;54048
850;0.000000;54049
851;0.030518;54050
852;0.030518;54051
853;-0.091553;54052
854;-0.030518;54053
855;0.030518;54054
856;0.030518;54055
857;0.091553;54056
858;0.030518;54057
859;0.183105;54058
860;0.030518;54059
861;0.091553;54060
862;0.091553;54061
863;0.030518;54062
864;0.152588;54063
865;0.030518;54064
866;0.152588;54065
867;0.030518;54066
868;0.091553;54067
869;0.030518;54068
870;0.213623;54069
871;0.152588;54070
872;0.183105;54071
873;0.091553;54072
874;0.152588;54073
875;0.030518;54074
876;0.122070;54075
877;0.122070;54076
878;0.091553;54077
879;0.030518;54078
880;0.183105;54079
881;0.213623;54080
882;0.030518;54081
883;0.030518;54082
884;0.030518;54083
885;0.122070;54084
886;-0.061035;54085
887;0.030518;54086
888;-0.030518;54087
889;0.000000;54088
890;0.030518;54089
891;0.000000;54090
892;0.030518;54091
893;-0.122070;54092
894;0.030518;54093
895;0.030518;54094
896;-0.030518;54095
897;-0.061035;54096
898;0.030518;54097
899;0.213623;54098
900;0.183105;54099
901;0.030518;54100
902;0.030518;54101
903;0.152588;54102
904;0.030518;54103
905;0.030518;54104
906;0.274658;54105
907;0.305176;54106
908;0.244141;54107
909;0.122070;54108
910;0.152588;54109
911;0.183105;54110
912;0.244141;54111
913;0.030518;54112
914;0.091553;54113
915;0.030518;54114
916;0.244141;54115
917;0.183105;54116
918;0.030518;54117
919;0.030518;54118
920;0.274658;54119
921;0.000000;54120
922;0.213623;54121
923;0.030518;54122
924;0.030518;54123
925;0.152588;54124
926;0.122070;54125
927;0.091553;54126
928;0.030518;54127
929;0.183105;54128
930;0.030518;54129
931;0.091553;54130
932;0.152588;54131
933;0.122070;54132
934;0.030518;54133
935;0.030518;54134
936;0.152588;54135
937;0.030518;54136
938;0.030518;54137
939;-0.030518;54138
940;-0.030518;54139
941;-0.091553;54140
942;0.030518;54141
943;0.030518;54142
944;0.030518;54143
945;0.030518;54144
946;0.030518;54145
947;0.030518;54146
948;0.091553;54147
949;0.152588;54148
950;0.183105;54149
951;0.030518;54150
952;0.030518;54151
953;0.030518;54152
954;0.152588;54153
955;0.091553;54154
956;0.122070;54155
957;0.030518;54156
958;0.000000;54157
959;0.213623;54158
960;0.183105;54159
961;0.122070;54160
962;0.274658;54161
963;0.183105;54162
964;0.030518;54163
965;0.183105;54164
966;0.030518;54165
967;0.396729;54166
968;0.213623;54167
969;0.122070;54168
970;0.152588;54169
971;0.091553;54170
972;0.213623;54171
973;0.244141;54172
974;0.030518;54173
975;-0.091553;54174
976;0.091553;54175
977;0.030518;54176
978;0.030518;54177
979;0.122070;54178
980;0.030518;54179
981;0.091553;54180
982;0.030518;54181
983;0.030518;54182
984;0.030518;54183
985;0.030518;54184
986;0.030518;54185
987;0.152588;54186
988;0.152588;54187
989;0.030518;54188
990;0.030518;54189
991;0.091553;54190
992;0.122070;54191
993;0.183105;54192
994;0.030518;54193
995;0.152588;54194
996;0.030518;54195
997;0.030518;54196
998;0.030518;54197
999;0.030518;54198
1000;0.030518;54199
1001;-0.122070;54200
1002;0.000000;54201
1003;0.000000;54202
1004;0.152588;54203
1005;-0.061035;54204
1006;0.122070;54205
1007;0.030518;54206
1008;0.030518;54207
1009;0.152588;54208
1010;0.091553;54209
1011;0.030518;54210
1012;0.152588;54211
1013;0.091553;54212
1014;0.030518;54213
1015;0.030518;54214
1016;0.213623;54215
1017;0.030518;54216
1018;0.152588;54217
1019;0.091553;54218
1020;0.122070;54219
1021;0.091553;54220
1022;0.213623;54221
1023;0.030518;54222
1024;0.122070;54223
1025;0.183105;54224
1026;0.091553;54225
1027;0.213623;54226
1028;0.122070;54227
1029;0.152588;54228
1030;0.274658;54229
1031;0.213623;54230
1032;0.030518;54231
1033;0.213623;54232
1034;0.213623;54233
1035;0.183105;54234
1036;0.213623;54235
1037;0.183105;54236
1038;0.030518;54237
1039;0.183105;54238
1040;0.091553;54239
1041;0.000000;54240
1042;0.030518;54241
1043;0.122070;54242
1044;0.030518;54243
1045;0.030518;54244
1046;-0.061035;54245
1047;0.183105;54246
1048;0.030518;54247
1049;0.183105;54248
1050;0.183105;54249
1051;0.183105;54250
1052;0.122070;54251
1053;0.152588;54252
1054;0.091553;54253
1055;0.152588;54254
1056;0.152588;54255
1057;0.030518;54256
1058;0.030518;54257
1059;0.122070;54258
1060;-0.122070;54259
1061;0.030518;54260
1062;0.030518;54261
1063;0.030518;54262
1064;0.030518;54263
1065;0.030518;54264
1066;0.030518;54265
1067;0.152588;54266
1068;0.030518;54267
1069;0.122070;54268
1070;0.030518;54269
1071;0.122070;54270
1072;0.244141;54271
1073;0.122070;54272
1074;0.030518;54273
1075;0.183105;54274
1076;0.213623;54275
1077;0.305176;54276
1078;0.122070;54277
1079;0.122070;54278
1080;0.244141;54279
1081;0.183105;54280
1082;0.030518;54281
1083;0.091553;54282
1084;0.030518;54283
1085;0.152588;54284
1086;0.183105;54285
1087;0.030518;54286
1088;0.183105;54287
1089;0.183105;54288
1090;0.030518;54289
1091;0.244141;54290
1092;0.244141;54291
1093;0.091553;54292
1094;0.122070;54293
1095;0.030518;54294
1096;0.122070;54295
1097;0.030518;54296
1098;0.152588;54297
1099;0.305176;54298
1100;0.030518;54299
1101;0.030518;54300
1102;0.152588;54301
1103;0.091553;54302
1104;0.091553;54303
1105;0.030518;54304
1106;-0.122070;54305
1107;0.030518;54306
1108;0.030518;54307
1109;0.030518;54308
1110;0.030518;54309
1111;0.091553;54310
1112;0.030518;54311
1113;0.152588;54312
1114;0.030518;54313
1115;0.000000;54314
1116;0.091553;54315
1117;0.000000;54316
1118;0.030518;54317
1119;-0.091553;54318
1120;0.030518;54319
1121;0.000000;54320
1122;0.030518;54321
1123;-0.030518;54322
1124;0.030518;54323
1125;0.030518;54324
1126;0.030518;54325
1127;-0.030518;54326
1128;0.030518;54327
1129;-0.061035;54328
1130;0.030518;54329
1131;0.030518;54330
1132;-0.061035;54331
1133;0.030518;54332
1134;-0.030518;54333
1135;-0.244141;54334
1136;0.030518;54335
1137;0.030518;54336
1138;0.030518;54337
1139;0.000000;54338
1140;-0.061035;54339
1141;-0.091553;54340
1142;-0.091553;54341
1145;-0.061035;54344
1153;0.091553;54352
1163;0.030518;54362
1171;0.030518;54370
1179;0.030518;54378
1186;0.030518;54385
1195;-0.030518;54394
1203;0.183105;54402
1211;-0.122070;54410
1220;0.030518;54419
1227;0.213623;54426
1235;0.152588;54434
1243;0.000000;54442
1251;0.030518;54450
1260;-0.091553;54459
1270;0.030518;54469
1278;0.000000;54477
1287;0.152588;54486
1296;0.152588;54495
1303;0.152588;54502
1312;-0.030518;54511
1320;0.091553;54519
1329;0.152588;54528
1336;0.030518;54535
1343;0.030518;54542
1350;0.030518;54549
1358;0.030518;54557
1365;0.244141;54564
1372;0.183105;54571
1380;0.183105;54579
1388;0.213623;54587
1395;0.030518;54594
1403;0.030518;54602
1411;0.183105;54610
1419;0.152588;54618
1428;0.244141;54627
1436;0.183105;54635
1443;0.030518;54642
1452;-0.122070;54651
1460;0.030518;54659
1468;0.030518;54667
1475;0.030518;54674
1484;0.030518;54683
1492;0.000000;54691
1501;-0.244141;54700
1509;0.030518;54708
1518;0.091553;54717
1526;0.122070;54725
1533;0.091553;54732
1540;0.122070;54739
1548;0.091553;54747
1556;0.000000;54755
1565;-0.030518;54764
1574;-0.061035;54773
1581;0.030518;54780
1589;-0.030518;54788
1596;0.000000;54795
1603;0.122070;54802
1611;0.152588;54810
1618;48.217773;54817
1626;109.497070;54825
1634;159.912109;54833
1641;196.868896;54840
1649;232.086182;54848
1657;261.566162;54856
1666;288.787842;54865
1673;306.213379;54872
1680;321.166992;54879
1688;335.754395;54887
1696;347.717285;54895
1703;356.658936;54902
1710;364.349365;54909
1717;371.154785;54916
1725;377.471924;54924
1732;382.080078;54931
1740;386.749268;54939
1748;390.716553;54947
1757;394.226074;54956
1764;396.606445;54963
1772;398.956299;54971
1779;401.000977;54978
1787;402.648926;54986
1794;403.900146;54993
1802;405.090332;55001
1810;406.311035;55009
1818;407.012939;55017
1826;407.989502;55025
1834;408.691406;55033
1844;409.149170;55043
1852;409.912109;55051
1859;410.186768;55058
1867;410.827637;55066
1875;411.010742;55074
1883;411.193848;55082
1890;411.376953;55089
1897;411.834717;55096
1904;411.712646;55103
1911;411.956787;55110
1919;412.231445;55118
1928;412.200928;55127
1936;412.261963;55135
1944;412.353516;55143
1952;412.567139;55151
1959;412.628174;55158
1966;412.658691;55165
1973;412.414551;55172
1980;412.658691;55179
1987;412.963867;55186
1994;412.933350;55193
2003;412.750244;55202
2010;412.780762;55209
2017;413.116455;55216
2024;412.841797;55223
2032;412.963867;55231
2040;413.177490;55239
2048;413.024902;55247
2055;413.024902;55254
2063;412.963867;55262
2071;413.177490;55270
2078;413.238525;55277
2085;413.146973;55284
2092;413.177490;55291
2099;413.208008;55298
2107;413.360596;55306
2116;413.452148;55315
2124;413.238525;55323
2131;413.085937;55330
2138;413.177490;55337
2145;413.208008;55344
2152;413.360596;55351
2159;413.452148;55358
2167;413.513184;55366
2174;413.177490;55373
2181;413.452148;55380
2188;413.421631;55387
2195;413.208008;55394
2202;413.482666;55401
2210;413.574219;55409
2217;413.452148;55416
2224;413.574219;55423
2232;413.177490;55431
2239;413.452148;55438
2246;413.482666;55445
2253;413.391113;55452
2261;413.635254;55460
2268;413.574219;55467
2275;413.482666;55474
2282;413.421631;55481
2289;413.665771;55488
2297;413.604736;55496
2305;413.574219;55504
2312;413.482666;55511
2319;413.513184;55518
2326;413.452148;55525
2334;413.452148;55533
2342;413.452148;55541
2349;413.513184;55548
2356;413.513184;55555
2363;413.452148;55562
2370;413.513184;55569
2377;413.482666;55576
2384;413.635254;55583
2391;413.604736;55590
2398;413.665771;55597
2405;413.604736;55604
2412;413.604736;55611
2420;413.787842;55619
2427;413.452148;55626
2434;413.574219;55633
2441;413.177490;55640
2448;413.360596;55647
2455;413.604736;55654
2462;413.574219;55661
2470;413.604736;55669
2477;413.726807;55676
2484;413.665771;55683
2491;413.452148;55690
2498;413.482666;55697
2505;413.513184;55704
2512;413.665771;55711
2519;413.726807;55718
2526;413.726807;55725
2534;413.757324;55733
2541;413.604736;55740
2548;413.909912;55747
2555;413.787842;55754
2562;413.635254;55761
2569;413.574219;55768
2576;413.726807;55775
2583;413.482666;55782
2591;413.665771;55790
2598;413.574219;55797
2605;413.726807;55804
2612;413.696289;55811
2621;413.604736;55820
2628;413.635254;55827
2636;413.482666;55835
2643;413.513184;55842
2650;413.757324;55849
2657;413.757324;55856
2665;413.604736;55864
2672;413.696289;55871
2679;413.482666;55878
2686;413.665771;55885
2694;413.635254;55893
2701;413.452148;55900
2708;413.574219;55907
2715;413.665771;55914
2722;413.574219;55921
2729;413.452148;55928
2736;413.665771;55935
2743;413.787842;55942
2750;413.848877;55949
2757;413.909912;55956
2764;413.757324;55963
2771;413.604736;55970
2779;413.696289;55978
2786;413.482666;55985
2793;413.696289;55992
2800;413.848877;55999
2807;413.635254;56006
2815;413.787842;56014
2822;413.513184;56021
2829;413.726807;56028
2836;413.787842;56035
2843;413.665771;56042
2850;413.482666;56049
2857;413.635254;56056
2864;413.696289;56063
2871;413.879395;56070
2878;413.970947;56077
2885;414.001465;56084
2892;414.031982;56091
2899;413.696289;56098
2906;413.574219;56105
2914;413.787842;56113
2922;413.879395;56121
2929;413.879395;56128
2936;413.940430;56135
2943;413.726807;56142
2950;413.726807;56149
2957;413.574219;56156
2964;413.574219;56163
2971;413.909912;56170
2978;413.665771;56177
2985;413.696289;56184
2992;413.757324;56191
2999;413.909912;56198
3006;413.665771;56205
3013;413.726807;56212
3020;413.635254;56219
3027;413.940430;56226
3034;413.848877;56233
3041;413.726807;56240
3048;413.604736;56247
3055;413.726807;56254
3062;413.909912;56261
3069;413.726807;56268
3076;413.665771;56275
3083;413.879395;56282
3090;413.635254;56289
3097;413.757324;56296
3104;413.726807;56303
3111;413.696289;56310
3118;414.031982;56317
3125;413.848877;56324
3132;413.665771;56331
3139;413.757324;56338
3146;413.604736;56345
3153;413.635254;56352
3160;413.848877;56359
3167;413.940430;56366
3174;413.665771;56373
3181;413.909912;56380
3188;413.940430;56387
3195;413.696289;56394
3202;413.726807;56401
3209;413.940430;56408
3217;413.665771;56416
3224;414.001465;56423
3231;413.879395;56430
3238;413.787842;56437
3245;413.787842;56444
3253;413.909912;56452
3260;413.757324;56459
3267;413.879395;56466
3274;413.848877;56473
3281;413.574219;56480
3288;413.726807;56487
3295;413.726807;56494
3302;413.848877;56501
3309;413.757324;56508
3316;413.940430;56515
3323;414.581299;56522
3331;415.008545;56530
3339;414.978027;56538
3346;415.100098;56545
3353;414.733887;56552
3360;414.825439;56559
3367;414.794922;56566
3374;414.978027;56573
3381;415.039063;56580
3388;414.855957;56587
3395;414.764404;56594
3402;415.039063;56601
3409;414.764404;56608
3417;414.764404;56616
3424;415.069580;56623
3432;414.855957;56631
3439;414.978027;56638
3446;414.703369;56645
3453;414.978027;56652
3460;414.886475;56659
3467;415.039063;56666
3474;414.855957;56673
3481;414.886475;56680
3488;414.855957;56687
3495;415.100098;56694
3502;415.008545;56701
3509;414.855957;56708
3516;415.069580;56715
3523;415.100098;56722
3530;415.008545;56729
3537;415.039063;56736
3544;415.008545;56743
3551;414.886475;56750
3558;414.886475;56757
3565;415.069580;56764
3572;414.947510;56771
3579;414.825439;56778
3587;414.733887;56786
3594;414.978027;56793
3601;414.978027;56800
3608;415.039063;56807
3615;414.947510;56814
3622;415.008545;56821
3629;415.100098;56828
3636;415.008545;56835
3643;414.764404;56842
3650;415.222168;56849
3657;414.855957;56856
3664;414.947510;56863
3671;415.008545;56870
3678;415.039063;56877
3685;414.947510;56884
3692;414.947510;56891
3699;414.794922;56898
3706;415.008545;56905
3713;415.161133;56912
3720;415.008545;56919
3727;415.161133;56926
3734;414.855957;56933
3741;414.825439;56940
3748;414.794922;56947
3755;415.008545;56954
3762;414.886475;56961
3769;414.978027;56968
3776;414.611816;56975
3783;414.947510;56982
3791;415.069580;56990
3799;414.733887;56998
3806;414.825439;57005
3813;414.886475;57012
3820;415.008545;57019
3827;415.100098;57026
3834;415.008545;57033
3841;415.039063;57040
3848;415.161133;57047
3855;414.886475;57054
3862;414.794922;57061
3869;414.733887;57068
3876;414.672852;57075
3883;414.825439;57082
3890;415.069580;57089
3897;415.100098;57096
3904;415.100098;57103
3911;415.008545;57110
3918;414.886475;57117
3925;414.703369;57124
3932;414.886475;57131
3939;414.947510;57138
3946;414.703369;57145
3953;414.794922;57152
3960;414.978027;57159
3968;414.855957;57167
3975;415.008545;57174
3982;414.886475;57181
3989;415.130615;57188
3996;415.039063;57195
4003;414.978027;57202
4010;415.252686;57209
4017;414.764404;57216
4024;415.008545;57223
4031;415.130615;57230
4038;414.886475;57237
4045;414.947510;57244
4052;415.100098;57251
4059;414.764404;57258
4066;414.794922;57265
4073;414.978027;57272
4080;414.764404;57279
4088;415.069580;57287
4095;415.161133;57294
4102;414.825439;57301
4109;415.252686;57308
4116;414.978027;57315
4123;414.978027;57322
4130;414.886475;57329
4137;414.947510;57336
4144;414.825439;57343
4151;414.794922;57350
4158;414.978027;57357
4165;415.069580;57364
4172;415.039063;57371
4179;414.978027;57378
4186;414.886475;57385
4193;415.008545;57392
4200;414.855957;57399
4207;414.886475;57406
4214;414.886475;57413
4221;414.978027;57420
4228;414.886475;57427
4235;415.100098;57434
4242;414.855957;57441
4249;414.825439;57448
4256;415.039063;57455
4263;414.947510;57462
4270;414.978027;57469
4277;414.855957;57476
4284;414.794922;57483
4291;414.794922;57490
4298;414.794922;57497
4305;415.100098;57504
4312;414.947510;57511
4319;415.008545;57518
4326;415.008545;57525
4333;415.100098;57532
4340;414.855957;57539
4347;415.069580;57546
4354;414.886475;57553
4361;415.039063;57560
4368;415.283203;57567
4375;415.100098;57574
4382;414.855957;57581
4389;415.069580;57588
4397;415.130615;57596
4404;414.947510;57603
4411;414.825439;57610
4418;414.947510;57617
4425;414.764404;57624
4432;415.069580;57631
4439;414.947510;57638
4446;414.703369;57645
4453;415.100098;57652
4460;414.855957;57659
4467;414.978027;57666
4474;414.886475;57673
4481;414.886475;57680
4488;415.069580;57687
4495;414.886475;57694
4502;414.886475;57701
4509;415.100098;57708
4516;414.886475;57715
4523;415.100098;57722
4530;414.855957;57729
4537;414.886475;57736
4544;415.008545;57743
4551;414.978027;57750
4558;414.978027;57757
4565;414.886475;57764
4572;415.069580;57771
4579;414.733887;57778
4586;415.008545;57785
4593;414.978027;57792
4600;414.947510;57799
4607;414.611816;57806
4614;414.978027;57813
4621;414.886475;57820
4628;414.764404;57827
4635;414.947510;57834
4642;415.100098;57841
4649;414.978027;57848
4656;414.947510;57855
4663;415.039063;57862
4670;414.794922;57869
4677;415.039063;57876
4684;415.008545;57883
4691;414.978027;57890
4698;221.557617;57897
4705;41.900635;57904
4712;9.216309;57911
4719;2.990723;57918
4726;1.373291;57925
4733;1.007080;57932
4740;0.640869;57939
4747;0.640869;57946
4755;0.274658;57954
4762;0.457764;57961
4769;0.549316;57968
4776;0.488281;57975
4783;0.518799;57982
4790;0.274658;57989
4797;0.427246;57996
4804;0.366211;58003
4811;0.305176;58010
4818;0.488281;58017
4826;0.579834;58025
4833;0.549316;58032
4840;0.305176;58039
4847;0.305176;58046
4854;0.549316;58053
4861;0.671387;58060
4868;0.366211;58067
4875;0.305176;58074
4882;0.579834;58081
4889;0.427246;58088
4896;0.396729;58095
4903;0.488281;58102
4910;0.457764;58109
4917;0.274658;58116
4924;0.457764;58123
4931;0.518799;58130
4938;0.732422;58137
4946;0.518799;58145
4953;0.396729;58152
4960;0.427246;58159
4967;0.457764;58166
4974;0.549316;58173
4981;0.396729;58180
4988;0.549316;58187
4995;0.305176;58194
5002;0.305176;58201
5009;0.274658;58208
5016;0.366211;58215
5023;0.457764;58222
5030;0.274658;58229
5037;0.396729;58236
5044;0.549316;58243
5051;0.549316;58250
5058;0.366211;58257
5065;0.518799;58264
5109;0.244141;58308
5116;0.457764;58315
5123;0.366211;58322
5130;0.366211;58329
5140;0.366211;58339
5147;0.305176;58346
5154;0.457764;58353
5161;0.122070;58360
5168;0.366211;58367
5175;0.274658;58374
5182;0.457764;58381
5189;0.274658;58388
5196;0.305176;58395
5203;0.457764;58402
5210;0.457764;58409
5217;0.244141;58416
5224;0.152588;58423
5231;0.549316;58430
5238;0.244141;58437
5245;0.701904;58444
5252;0.671387;58451
5259;0.488281;58458
5266;0.274658;58465
5273;0.549316;58472
5280;0.488281;58479
5287;0.518799;58486
5295;0.396729;58494
5302;0.549316;58501
5312;0.518799;58511
5319;0.457764;58518
5327;0.396729;58526
5334;0.396729;58533
5341;0.396729;58540
5348;0.396729;58547
5355;0.305176;58554
5362;0.244141;58561
5369;0.213623;58568
5376;0.152588;58575
5383;0.305176;58582
5390;0.244141;58589
5397;0.427246;58596
5404;0.396729;58603
5411;0.274658;58610
5418;0.427246;58617
5425;0.274658;58624
5432;0.366211;58631
5439;0.488281;58638
5446;0.366211;58645
5453;0.579834;58652
5460;0.427246;58659
5467;0.305176;58666
5474;0.549316;58673
5481;0.701904;58680
5488;0.366211;58687
5495;0.152588;58694
5502;0.305176;58701
5509;0.488281;58708
5516;0.457764;58715
5523;0.305176;58722
5530;0.244141;58729
5537;0.640869;58736
5544;0.305176;58743
5551;0.183105;58750
5558;0.396729;58757
5565;0.427246;58764
5572;0.305176;58771
5579;0.396729;58778
5586;0.305176;58785
5593;0.366211;58792
5600;0.427246;58799
5607;0.427246;58806
5614;0.427246;58813
5621;0.305176;58820
5628;0.305176;58827
5635;0.457764;58834
5642;0.427246;58841
5649;0.396729;58848
5656;0.427246;58855
5663;0.244141;58862
5670;0.305176;58869
5677;0.579834;58876
5684;0.396729;58883
5691;0.274658;58890
5698;0.396729;58897
5705;0.488281;58904
5712;0.549316;58911
5719;0.030518;58918
5726;0.488281;58925
5733;0.457764;58932
5740;0.366211;58939
5747;0.366211;58946
5754;0.274658;58953
5761;0.305176;58960
5768;0.274658;58967
5775;0.427246;58974
5782;0.640869;58981
5790;0.152588;58989
5797;0.518799;58996
5804;0.488281;59003
5811;0.488281;59010
5818;0.305176;59017
5825;0.244141;59024
5832;0.244141;59031
5839;0.274658;59038
5846;0.427246;59045
5853;0.305176;59052
5860;0.244141;59059
5867;0.274658;59066
5874;0.274658;59073
5881;0.427246;59080
5888;0.518799;59087
5895;0.457764;59094
5902;0.244141;59101
5909;0.274658;59108
5916;0.396729;59115
5923;0.488281;59122
5930;0.366211;59129
5937;0.427246;59136
5944;0.457764;59143
5951;0.183105;59150
5958;0.305176;59157
5965;0.549316;59164
5972;0.427246;59171
5979;0.305176;59178
5986;0.244141;59185
5993;0.305176;59192
6000;0.457764;59199
6007;0.457764;59206
6014;0.396729;59213
6021;0.518799;59220
6028;0.213623;59227
6035;0.305176;59234
6042;0.549316;59241
6049;0.549316;59248
6056;0.427246;59255
6063;0.244141;59262
6070;0.305176;59269
6077;0.427246;59276
6084;0.122070;59283
6091;0.152588;59290
6098;0.396729;59297
6105;0.518799;59304
6112;0.457764;59311
6119;0.457764;59318
6126;0.457764;59325
6133;0.305176;59332
6140;0.396729;59339
6147;0.457764;59346
6154;0.488281;59353
6161;0.701904;59360
6168;0.518799;59367
6175;0.183105;59374
6182;0.244141;59381
6189;0.274658;59388
6196;0.518799;59395
6203;0.671387;59402
6210;0.579834;59409
6217;0.427246;59416
6224;0.427246;59423
6231;0.671387;59430
6238;0.457764;59437
6245;0.579834;59444
6252;0.305176;59451
6259;0.152588;59458
6266;0.244141;59465
6273;0.274658;59472
6280;0.457764;59479
6287;0.427246;59486
6294;0.457764;59493
6301;0.732422;59500
6308;0.488281;59507
6315;0.457764;59514
6322;0.518799;59521
6330;0.549316;59529
6337;0.579834;59536
6344;0.457764;59543
6351;0.305176;59550
6358;0.305176;59557
6365;0.518799;59564
6372;0.488281;59571
6379;0.213623;59578
6386;0.457764;59585
6393;0.244141;59592
6400;0.305176;59599
6407;0.305176;59606
6414;0.091553;59613
6421;0.366211;59620
6428;0.305176;59627
6435;0.366211;59634
6442;0.427246;59641
6449;0.274658;59648
6456;0.305176;59655
6463;0.457764;59662
6470;0.579834;59669
6477;0.274658;59676
6484;0.244141;59683
6491;0.579834;59690
6498;0.457764;59697
6505;0.671387;59704
6512;0.427246;59711
6519;0.274658;59718
6526;0.518799;59725
6533;0.579834;59732
6540;0.427246;59739
6547;0.518799;59746
6554;0.183105;59753
6561;0.427246;59760
6568;0.366211;59767
6575;0.305176;59774
6582;0.183105;59781
6589;0.305176;59788
6596;0.457764;59795
6603;0.213623;59802
6610;0.091553;59809
6617;0.549316;59816
6624;0.305176;59823
6631;0.366211;59830
6638;0.457764;59837
6645;0.366211;59844
6652;0.274658;59851
6659;0.305176;59858
6666;0.396729;59865
6673;0.732422;59872
6680;0.366211;59879
6687;0.457764;59886
6694;0.396729;59893
6701;0.183105;59900
6708;0.549316;59907
6715;0.457764;59914
6722;0.305176;59921
6729;0.030518;59928
6736;0.152588;59935
6743;0.366211;59942
6750;0.183105;59949
6757;0.396729;59956
6764;0.457764;59963
6771;0.457764;59970
6778;0.427246;59977
6785;0.396729;59984
6792;0.213623;59991
6800;0.457764;59999
6807;0.427246;60006
6814;0.488281;60013
6821;0.488281;60020
6829;0.549316;60028
6836;0.518799;60035
6843;0.305176;60042
6850;0.427246;60049
6857;0.213623;60056
6864;0.305176;60063
6871;0.305176;60070
6878;0.366211;60077
6885;0.213623;60084
6892;0.366211;60091
6899;0.244141;60098
6906;0.244141;60105
6913;0.518799;60112
6920;0.244141;60119
6927;0.457764;60126
6934;0.274658;60133
6941;0.366211;60140
6948;0.518799;60147
6955;0.366211;60154
6962;0.152588;60161
6969;0.457764;60168
6976;0.305176;60175
6983;0.488281;60182
7006;0.274658;60205
7013;0.457764;60212
7020;0.396729;60219
7027;0.488281;60226
7034;0.427246;60233
7041;0.183105;60240
7048;0.305176;60247
7055;0.274658;60254
7062;0.427246;60261
7069;0.396729;60268
7076;0.305176;60275
7083;0.518799;60282
7090;0.427246;60289
7097;0.549316;60296
7104;0.305176;60303
7111;0.518799;60310
7118;0.366211;60317
7125;0.518799;60324
7132;0.457764;60331
7139;0.305176;60338
7146;0.366211;60345
7153;0.244141;60352
7160;0.274658;60359
7167;0.396729;60366
7174;0.457764;60373
7181;0.457764;60380
7188;0.244141;60387
7195;0.396729;60394
7202;0.396729;60401
7209;0.305176;60408
7216;0.427246;60415
7223;0.457764;60422
7230;0.366211;60429
7237;0.305176;60436
7244;0.305176;60443
7251;0.549316;60450
7258;0.396729;60457
7267;0.457764;60466
7274;0.396729;60473
7281;0.518799;60480
7288;0.030518;60487
7297;0.366211;60496
7304;0.213623;60503
7311;0.183105;60510
7318;0.366211;60517
7325;0.427246;60524
7332;0.457764;60531
7339;0.427246;60538
7346;0.213623;60545
7353;0.274658;60552
7360;0.305176;60559
7367;0.305176;60566
7374;0.427246;60573
7381;0.091553;60580
7388;0.305176;60587
7394;0.854492;181660
7395;1.007080;181661
7396;0.518799;181662
7397;0.732422;181663
7398;0.854492;181664
7399;0.671387;181665
7400;0.457764;181666
7401;0.640869;181667
7402;0.793457;181668
7403;0.671387;181669
7404;0.976562;181670
7405;0.946045;181671
7406;0.732422;181672
7407;0.579834;181673
7408;1.007080;181674
7409;0.854492;181675
7410;1.129150;181676
7411;0.976562;181677
7412;1.007080;181678
7413;0.854492;181679
7414;0.762939;181680
7415;0.732422;181681
7416;0.518799;181682
7417;0.762939;181683
7418;0.701904;181684
7419;0.671387;181685
7420;0.671387;181686
7421;0.549316;181687
7422;0.671387;181688
7423;0.732422;181689
7424;0.701904;181690
7425;0.549316;181691
7426;0.854492;181692
7427;0.915527;181693
7428;0.793457;181694
7429;0.946045;181695
7430;1.007080;181696
7431;0.915527;181697
7432;1.220703;181698
7433;0.915527;181699
7434;0.946045;181700
7435;0.854492;181701
7436;0.823975;181702
7437;0.854492;181703
7438;0.701904;181704
7439;0.976562;181705
7440;0.671387;181706
7441;0.762939;181707
7442;0.579834;181708
7443;0.823975;181709
7444;0.793457;181710
7445;0.701904;181711
7446;1.007080;181712
7447;0.976562;181713
7448;0.976562;181714
7449;1.007080;181715
7450;0.854492;181716
7451;0.976562;181717
7452;0.854492;181718
7453;0.854492;181719
7454;0.793457;181720
7455;0.976562;181721
7456;0.823975;181722
7457;0.793457;181723
7458;0.732422;181724
7459;0.701904;181725
7460;0.640869;181726
7461;0.732422;181727
7462;0.671387;181728
7463;0.793457;181729
7464;0.701904;181730
7465;0.915527;181731
7466;0.976562;181732
7467;0.854492;181733
7468;1.129150;181734
7469;0.854492;181735
7470;0.976562;181736
7471;0.762939;181737
7472;0.762939;181738
7473;0.854492;181739
7474;0.457764;181740
7475;0.671387;181741
7476;0.701904;181742
7477;0.793457;181743
7478;0.671387;181744
7479;0.579834;181745
7480;0.518799;181746
7481;0.671387;181747
7482;0.579834;181748
7483;0.854492;181749
7484;0.762939;181750
7485;0.823975;181751
7486;0.823975;181752
7487;0.976562;181753
7488;0.976562;181754
7489;0.976562;181755
7490;0.946045;181756
7491;0.762939;181757
7492;0.854492;181758
7493;0.762939;181759
7494;0.854492;181760
7495;0.793457;181761
7496;0.671387;181762
7497;0.793457;181763
7498;0.823975;181764
7499;0.671387;181765
7500;0.427246;181766
7501;0.579834;181767
7502;0.793457;181768
7503;0.701904;181769
7504;0.457764;181770
7505;0.671387;181771
7506;0.854492;181772
7507;0.762939;181773
7508;0.701904;181774
7509;0.701904;181775
7510;0.793457;181776
7511;0.701904;181777
7512;0.823975;181778
7513;0.732422;181779
7514;0.915527;181780
7515;0.854492;181781
7516;0.793457;181782
7517;0.854492;181783
7518;0.793457;181784
7519;0.793457;181785
7520;0.976562;181786
7521;0.854492;181787
7522;0.732422;181788
7523;1.068115;181789
7524;0.976562;181790
7525;0.854492;181791
7526;0.701904;181792
7527;0.854492;181793
7528;0.823975;181794
7529;0.915527;181795
7530;0.793457;181796
7531;0.671387;181797
7532;1.007080;181798
7533;0.579834;181799
7534;0.823975;181800
7535;0.854492;181801
7536;0.549316;181802
7537;0.976562;181803
7538;0.732422;181804
7539;0.549316;181805
7540;0.823975;181806
7541;0.793457;181807
7542;0.549316;181808
7543;0.732422;181809
7544;0.915527;181810
7545;0.793457;181811
7546;0.732422;181812
7547;0.854492;181813
7548;0.793457;181814
7549;0.854492;181815
7550;0.793457;181816
7551;0.793457;181817
7552;0.854492;181818
7553;0.854492;181819
7554;1.068115;181820
7555;0.915527;181821
7556;0.854492;181822
7557;0.946045;181823
7558;0.762939;181824
7559;0.823975;181825
7560;0.946045;181826
7561;0.915527;181827
7562;0.854492;181828
7563;0.671387;181829
7564;0.793457;181830
7565;0.854492;181831
7566;0.732422;181832
7567;0.549316;181833
7568;0.732422;181834
7569;0.671387;181835
7570;0.793457;181836
7571;0.762939;181837
7572;0.823975;181838
7573;0.793457;181839
7574;0.701904;181840
7575;0.579834;181841
7576;0.640869;181842
7577;0.640869;181843
7578;0.823975;181844
7579;0.762939;181845
7580;0.671387;181846
7581;0.854492;181847
7582;0.579834;181848
7583;0.854492;181849
7584;0.915527;181850
7585;0.854492;181851
7586;1.007080;181852
7587;0.701904;181853
7588;0.915527;181854
7589;0.854492;181855
7590;0.793457;181856
7591;0.854492;181857
7592;0.793457;181858
7593;0.732422;181859
7594;0.701904;181860
7595;0.701904;181861
7596;0.579834;181862
7597;0.701904;181863
7598;0.732422;181864
7599;0.518799;181865
7600;0.701904;181866
7601;0.701904;181867
7602;0.762939;181868
7603;0.915527;181869
7604;0.946045;181870
7605;0.823975;181871
7606;1.007080;181872
7607;0.793457;181873
7608;1.007080;181874
7609;0.976562;181875
7610;0.732422;181876
7611;0.976562;181877
7612;0.946045;181878
7613;0.671387;181879
7614;0.701904;181880
7615;0.793457;181881
7616;0.671387;181882
7617;0.640869;181883
7618;0.793457;181884
7619;0.732422;181885
7620;0.793457;181886
7621;0.793457;181887
7622;0.915527;181888
7623;0.854492;181889
7624;0.915527;181890
7625;0.793457;181891
7626;0.976562;181892
7627;0.976562;181893
7628;1.007080;181894
7629;1.007080;181895
7630;0.946045;181896
7631;0.854492;181897
7632;0.976562;181898
7633;1.007080;181899
7634;0.854492;181900
7635;0.915527;181901
7636;0.732422;181902
7637;0.671387;181903
7638;0.793457;181904
7639;0.823975;181905
7640;0.701904;181906
7641;0.701904;181907
7642;0.701904;181908
7643;0.793457;181909
7644;0.579834;181910
7645;0.671387;181911
7646;0.671387;181912
7647;0.671387;181913
7648;0.854492;181914
7649;0.854492;181915
7650;1.007080;181916
7651;1.068115;181917
7652;0.823975;181918
7653;1.007080;181919
7654;0.762939;181920
7655;0.762939;181921
7656;0.946045;181922
7657;0.701904;181923
7658;0.671387;181924
7659;0.854492;181925
7660;0.671387;181926
7661;0.823975;181927
7662;0.640869;181928
7663;0.518799;181929
7664;0.701904;181930
7665;0.701904;181931
7666;0.549316;181932
7667;0.762939;181933
7668;0.701904;181934
7669;0.579834;181935
7670;0.488281;181936
7671;0.823975;181937
7672;0.915527;181938
7673;0.732422;181939
7674;0.915527;181940
7675;1.068115;181941
7676;0.976562;181942
7677;0.701904;181943
7678;0.976562;181944
7679;0.976562;181945
7680;0.946045;181946
7681;0.946045;181947
7682;0.915527;181948
7683;0.854492;181949
7684;0.671387;181950
7685;0.854492;181951
7686;0.671387;181952
7687;0.762939;181953
7688;0.671387;181954
7689;0.854492;181955
7690;0.579834;181956
7691;0.732422;181957
7692;0.671387;181958
7693;0.732422;181959
7694;0.701904;181960
7695;0.854492;181961
7696;0.823975;181962
7697;0.823975;181963
7698;0.793457;181964
7699;0.854492;181965
7700;0.793457;181966
7701;0.793457;181967
7702;0.854492;181968
7703;0.732422;181969
7704;0.793457;181970
7705;0.946045;181971
7706;0.976562;181972
7707;0.854492;181973
7708;0.762939;181974
7709;0.976562;181975
7710;0.793457;181976
7711;0.793457;181977
7712;0.640869;181978
7713;0.457764;181979
7714;0.549316;181980
7715;0.701904;181981
7716;0.732422;181982
7717;0.762939;181983
7718;0.793457;181984
7719;0.762939;181985
7720;0.854492;181986
7721;0.732422;181987
7722;0.976562;181988
7723;1.068115;181989
7724;0.976562;181990
7725;0.854492;181991
7726;0.762939;181992
7727;0.854492;181993
7728;0.976562;181994
7729;0.976562;181995
7730;0.762939;181996
7731;0.732422;181997
7732;0.732422;181998
7733;0.793457;181999
7734;0.732422;182000
7735;0.640869;182001
7736;0.701904;182002
7737;0.701904;182003
7738;0.732422;182004
7739;0.732422;182005
7740;0.762939;182006
7741;0.732422;182007
7742;0.793457;182008
7743;0.793457;182009
7744;0.854492;182010
7745;0.854492;182011
7746;0.976562;182012
7747;0.915527;182013
7748;1.007080;182014
7749;0.793457;182015
7750;0.762939;182016
7751;1.068115;182017
7752;0.854492;182018
7753;0.793457;182019
7754;0.701904;182020
7755;0.762939;182021
7756;0.732422;182022
7757;0.732422;182023
7758;0.701904;182024
7759;0.518799;182025
7760;0.549316;182026
7761;0.518799;182027
7762;0.488281;182028
7763;0.793457;182029
7764;0.671387;182030
7765;0.640869;182031
7766;0.854492;182032
7767;0.732422;182033
7768;0.946045;182034
7769;0.854492;182035
7770;0.793457;182036
7771;0.701904;182037
7772;0.732422;182038
7773;0.854492;182039
7774;0.854492;182040
7775;0.823975;182041
7776;1.007080;182042
7777;0.762939;182043
7778;0.854492;182044
7779;0.854492;182045
7780;0.823975;182046
7781;0.976562;182047
7782;1.007080;182048
7783;0.793457;182049
7784;0.762939;182050
7785;0.946045;182051
7786;0.915527;182052
7787;0.915527;182053
7788;1.007080;182054
7789;0.823975;182055
7790;0.854492;182056
7791;0.762939;182057
7792;0.701904;182058
7793;0.946045;182059
7794;0.823975;182060
7795;0.671387;182061
7796;0.549316;182062
7797;0.854492;182063
7798;0.579834;182064
7799;0.671387;182065
7800;0.518799;182066
7801;0.579834;182067
7802;0.579834;182068
7803;0.701904;182069
7804;0.732422;182070
7805;0.671387;182071
7806;0.854492;182072
7807;0.793457;182073
7808;0.823975;182074
7809;0.854492;182075
7810;0.854492;182076
7811;0.823975;182077
7812;0.915527;182078
7813;0.854492;182079
7814;1.007080;182080
7815;1.007080;182081
7816;0.946045;182082
7817;1.098633;182083
7818;1.007080;182084
7819;0.976562;182085
7820;0.976562;182086
7821;1.037598;182087
7822;1.007080;182088
7823;0.823975;182089
7824;0.946045;182090
7825;0.854492;182091
7826;0.946045;182092
7827;0.671387;182093
7828;0.915527;182094
7829;0.823975;182095
7830;0.671387;182096
7831;0.793457;182097
7832;0.579834;182098
7833;0.732422;182099
7834;0.701904;182100
7835;0.762939;182101
7836;0.549316;182102
7837;0.762939;182103
7838;0.579834;182104
7839;0.732422;182105
7840;0.762939;182106
7841;0.976562;182107
7842;0.854492;182108
7843;1.007080;182109
7844;0.976562;182110
7845;0.946045;182111
7846;0.915527;182112
7847;0.976562;182113
7848;0.854492;182114
7849;0.854492;182115
7850;0.732422;182116
7851;0.762939;182117
7852;0.732422;182118
7853;0.854492;182119
7854;0.732422;182120
7855;0.793457;182121
7856;0.549316;182122
7857;0.732422;182123
7858;0.732422;182124
7859;0.701904;182125
7860;0.793457;182126
7861;0.701904;182127
7862;0.823975;182128
7863;0.732422;182129
7864;0.854492;182130
7865;0.823975;182131
7866;0.793457;182132
7867;0.854492;182133
7868;0.793457;182134
7869;0.854492;182135
7870;0.823975;182136
7871;0.701904;182137
7872;0.579834;182138
7873;0.854492;182139
7874;0.701904;182140
7875;0.762939;182141
7876;0.640869;182142
7877;0.701904;182143
7878;0.671387;182144
7879;0.579834;182145
7880;0.518799;182146
7881;0.762939;182147
7882;1.007080;182148
7883;0.823975;182149
7884;0.793457;182150
7885;0.976562;182151
7886;0.854492;182152
7887;0.854492;182153
7888;0.793457;182154
7889;1.068115;182155
7890;0.732422;182156
7891;0.854492;182157
7892;0.854492;182158
7893;0.732422;182159
7894;0.854492;182160
7895;0.946045;182161
7896;0.701904;182162
7897;0.579834;182163
7898;0.671387;182164
7899;0.579834;182165
7900;0.701904;182166
7901;0.732422;182167
7902;0.732422;182168
7903;0.732422;182169
7904;0.579834;182170
7905;0.701904;182171
7906;0.854492;182172
7907;0.854492;182173
7908;0.762939;182174
7909;0.915527;182175
7910;0.732422;182176
7911;0.915527;182177
7912;0.946045;182178
7913;0.762939;182179
7914;1.007080;182180
7915;0.976562;182181
7916;0.854492;182182
7917;0.976562;182183
7918;0.976562;182184
7919;1.068115;182185
7920;0.976562;182186
7921;0.976562;182187
7922;0.732422;182188
7923;0.915527;182189
7924;0.946045;182190
7925;0.823975;182191
7926;0.854492;182192
7927;0.854492;182193
7928;0.976562;182194
7929;0.762939;182195
7930;0.854492;182196
7931;0.823975;182197
7932;0.793457;182198
7933;0.671387;182199
7934;0.823975;182200
7935;0.732422;182201
7936;0.671387;182202
7937;0.579834;182203
7938;0.854492;182204
7939;0.854492;182205
7940;0.793457;182206
7941;0.823975;182207
7942;0.854492;182208
7943;0.854492;182209
7944;0.793457;182210
7945;0.976562;182211
7946;0.976562;182212
7947;0.915527;182213
7948;0.854492;182214
7949;0.946045;182215
7950;0.732422;182216
7951;0.640869;182217
7952;0.762939;182218
7953;0.701904;182219
7954;0.762939;182220
7955;0.762939;182221
7956;0.701904;182222
7957;0.671387;182223
7958;0.549316;182224
7959;0.762939;182225
7960;0.701904;182226
7961;0.762939;182227
7962;0.732422;182228
7963;0.793457;182229
7964;0.701904;182230
7965;0.946045;182231
7966;0.946045;182232
7967;1.007080;182233
7968;0.915527;182234
7969;0.915527;182235
7970;0.854492;182236
7971;0.854492;182237
7972;0.823975;182238
7973;0.701904;182239
7974;0.793457;182240
7975;0.640869;182241
7976;0.457764;182242
7977;0.823975;182243
7978;0.671387;182244
7979;0.701904;182245
7980;0.915527;182246
7981;0.946045;182247
7982;0.762939;182248
7983;0.762939;182249
7984;0.976562;182250
7985;0.915527;182251
7986;0.762939;182252
7987;0.762939;182253
7988;0.854492;182254
7989;0.701904;182255
7990;0.732422;182256
7991;0.579834;182257
7992;0.762939;182258
7993;0.579834;182259
7994;0.823975;182260
7995;0.793457;182261
7996;0.640869;182262
7997;0.854492;182263
7998;0.579834;182264
7999;0.732422;182265
8000;0.701904;182266
8001;0.701904;182267
8002;0.823975;182268
8003;0.823975;182269
8004;0.854492;182270
8005;0.823975;182271
8006;0.732422;182272
8007;0.854492;182273
8008;0.793457;182274
8009;0.701904;182275
8010;0.762939;182276
8011;0.854492;182277
8012;0.946045;182278
8013;0.732422;182279
8014;0.762939;182280
8015;0.915527;182281
8016;0.854492;182282
8017;0.946045;182283
8018;0.823975;182284
8019;0.854492;182285
8020;1.007080;182286
8021;0.946045;182287
8022;0.915527;182288
8023;0.854492;182289
8024;0.946045;182290
8025;0.793457;182291
8026;0.793457;182292
8027;0.854492;182293
8028;0.976562;182294
8029;0.732422;182295
8030;0.732422;182296
8031;0.793457;182297
8032;0.823975;182298
8033;0.701904;182299
8034;0.854492;182300
8035;0.762939;182301
8036;0.854492;182302
8037;0.762939;182303
8038;0.671387;182304
8039;0.793457;182305
8040;0.762939;182306
8041;0.671387;182307
8042;0.732422;182308
8043;0.701904;182309
8044;0.732422;182310
8045;0.823975;182311
8046;0.579834;182312
8047;0.701904;182313
8048;0.640869;182314
8049;0.579834;182315
8050;0.640869;182316
8051;0.701904;182317
8052;0.701904;182318
8053;0.732422;182319
8054;0.793457;182320
8055;0.579834;182321
8056;0.488281;182322
8057;0.701904;182323
8058;0.671387;182324
8059;0.823975;182325
8060;0.732422;182326
8061;0.793457;182327
8062;0.762939;182328
8063;0.701904;182329
8064;0.732422;182330
8065;0.671387;182331
8066;0.762939;182332
8067;0.549316;182333
8068;0.732422;182334
8069;0.701904;182335
8070;0.579834;182336
8071;0.701904;182337
8072;0.671387;182338
8073;0.732422;182339
8074;0.518799;182340
8075;0.732422;182341
8076;0.762939;182342
8077;0.579834;182343
8078;0.762939;182344
8079;0.579834;182345
8080;0.915527;182346
8081;0.793457;182347
8082;0.732422;182348
8083;0.854492;182349
8084;0.762939;182350
8085;0.762939;182351
8086;0.915527;182352
8087;1.220703;182353
8088;0.915527;182354
8089;0.976562;182355
8090;0.793457;182356
8091;1.068115;182357
8092;1.007080;182358
8093;0.976562;182359
8094;0.976562;182360
8095;0.640869;182361
8096;0.793457;182362
8097;0.823975;182363
8098;0.854492;182364
8099;0.854492;182365
8100;0.762939;182366
8101;0.823975;182367
8102;0.946045;182368
8103;0.579834;182369
8104;0.915527;182370
8105;0.793457;182371
8106;0.640869;182372
8107;0.701904;182373
8108;0.732422;182374
8109;0.823975;182375
8110;0.701904;182376
8111;0.579834;182377
8112;0.701904;182378
8113;0.732422;182379
8114;0.671387;182380
8115;0.579834;182381
8116;0.732422;182382
8117;0.579834;182383
8118;0.701904;182384
8119;0.732422;182385
8120;0.793457;182386
8121;0.579834;182387
8122;0.762939;182388
8123;0.793457;182389
8124;0.793457;182390
8125;0.518799;182391
8126;0.549316;182392
8127;0.640869;182393
8128;0.579834;182394
8129;0.579834;182395
8130;0.732422;182396
8131;0.823975;182397
8132;0.732422;182398
8133;0.854492;182399
8134;0.762939;182400
8135;0.793457;182401
8136;0.793457;182402
8137;0.579834;182403
8138;0.732422;182404
8139;0.701904;182405
8140;0.762939;182406
8141;0.640869;182407
8142;0.701904;182408
8143;0.823975;182409
8144;0.976562;182410
8145;0.732422;182411
8146;0.701904;182412
8147;0.701904;182413
8148;0.823975;182414
8149;0.976562;182415
8150;0.793457;182416
8151;0.915527;182417
8152;0.823975;182418
8153;0.946045;182419
8154;0.854492;182420
8155;0.976562;182421
8156;0.854492;182422
8157;0.823975;182423
8158;0.946045;182424
8159;0.854492;182425
8160;0.823975;182426
8161;0.640869;182427
8162;0.946045;182428
8163;0.946045;182429
8164;0.854492;182430
8165;0.701904;182431
8166;0.854492;182432
8167;0.671387;182433
8168;0.793457;182434
8169;0.732422;182435
8170;0.793457;182436
8171;0.701904;182437
8172;0.762939;182438
8173;0.793457;182439
8174;0.701904;182440
8175;0.701904;182441
8176;0.793457;182442
8177;0.823975;182443
8178;0.549316;182444
8179;0.701904;182445
8180;0.732422;182446
8181;0.823975;182447
8182;0.732422;182448
8183;0.823975;182449
8184;0.854492;182450
8185;0.854492;182451
8186;0.854492;182452
8187;0.793457;182453
8188;1.068115;182454
8189;0.976562;182455
8190;0.854492;182456
8191;0.946045;182457
8192;0.854492;182458
8193;1.068115;182459
8194;0.946045;182460
8195;0.671387;182461
8196;0.732422;182462
8197;0.793457;182463
8198;0.579834;182464
8199;0.549316;182465
8200;0.793457;182466
8201;0.762939;182467
8202;0.701904;182468
8203;0.732422;182469
8204;0.854492;182470
8205;0.579834;182471
8206;0.793457;182472
8207;0.762939;182473
8208;0.671387;182474
8209;0.732422;182475
8210;0.793457;182476
8211;0.854492;182477
8212;0.732422;182478
8213;0.549316;182479
8214;0.823975;182480
8215;0.793457;182481
8216;0.793457;182482
8217;0.854492;182483
8218;0.946045;182484
8219;0.854492;182485
8220;0.762939;182486
8221;0.946045;182487
8222;0.915527;182488
8223;0.976562;182489
8224;0.915527;182490
8225;0.854492;182491
8226;0.793457;182492
8227;1.007080;182493
8228;1.068115;182494
8229;0.946045;182495
8230;0.793457;182496
8231;0.946045;182497
8232;0.915527;182498
8233;0.823975;182499
8234;0.854492;182500
8235;0.793457;182501
8236;0.854492;182502
8237;0.549316;182503
8238;0.823975;182504
8239;0.823975;182505
8240;0.579834;182506
8241;0.762939;182507
8242;0.762939;182508
8243;0.640869;182509
8244;0.671387;182510
8245;0.549316;182511
8246;0.579834;182512
8247;0.732422;182513
8248;0.518799;182514
8249;0.518799;182515
8250;0.701904;182516
8251;0.488281;182517
8252;0.549316;182518
8253;0.732422;182519
8254;0.701904;182520
8255;0.732422;182521
8256;0.518799;182522
8257;0.701904;182523
8258;0.579834;182524
8259;0.549316;182525
8260;0.701904;182526
8261;0.640869;182527
8262;0.823975;182528
8263;0.793457;182529
8264;0.793457;182530
8265;0.762939;182531
8266;0.823975;182532
8267;0.823975;182533
8268;0.854492;182534
8269;0.823975;182535
8270;0.915527;182536
8271;0.793457;182537
8272;0.762939;182538
8273;1.007080;182539
8274;0.823975;182540
8275;0.823975;182541
8276;0.732422;182542
8277;0.732422;182543
8278;0.762939;182544
8279;0.640869;182545
8280;0.457764;182546
8281;0.549316;182547
8282;0.823975;182548
8283;0.701904;182549
8284;0.762939;182550
8285;0.854492;182551
8286;0.640869;182552
8287;0.762939;182553
8288;0.762939;182554
8289;0.671387;182555
8290;0.579834;182556
8291;0.640869;182557
8292;0.518799;182558
8293;0.579834;182559
8294;0.579834;182560
8295;0.701904;182561
8296;0.549316;182562
8297;0.549316;182563
8298;0.701904;182564
8299;0.793457;182565
8300;0.976562;182566
8301;0.854492;182567
8302;0.823975;182568
8303;0.793457;182569
8304;0.976562;182570
8305;0.854492;182571
8306;0.762939;182572
8307;0.854492;182573
8308;0.946045;182574
8309;0.854492;182575
8310;0.854492;182576
8311;0.762939;182577
8312;0.854492;182578
8313;1.068115;182579
8314;1.037598;182580
8315;1.007080;182581
8316;0.915527;182582
8317;0.946045;182583
8318;0.854492;182584
8319;0.823975;182585
8320;0.701904;182586
8321;0.671387;182587
8322;0.701904;182588
8323;0.762939;182589
8324;0.701904;182590
8325;0.549316;182591
8326;0.640869;182592
8327;0.793457;182593
8328;0.732422;182594
8329;0.701904;182595
8330;0.579834;182596
8331;0.701904;182597
8332;0.701904;182598
8333;0.579834;182599
8334;0.701904;182600
8335;0.793457;182601
8336;0.701904;182602
8337;0.793457;182603
8338;0.640869;182604
8339;0.823975;182605
8340;0.671387;182606
8341;0.701904;182607
8342;0.701904;182608
8343;0.701904;182609
8344;0.732422;182610
8345;0.762939;182611
8346;0.915527;182612
8347;0.701904;182613
8348;0.762939;182614
8349;0.976562;182615
8350;0.976562;182616
8351;1.007080;182617
8352;0.915527;182618
8353;1.007080;182619
8354;1.098633;182620
8355;0.732422;182621
8356;0.854492;182622
8357;0.762939;182623
8358;0.854492;182624
8359;0.671387;182625
8360;0.854492;182626
8361;0.671387;182627
8362;0.823975;182628
8363;0.549316;182629
8364;0.579834;182630
8365;0.823975;182631
8366;0.701904;182632
8367;0.701904;182633
8368;0.762939;182634
8369;0.762939;182635
8370;0.823975;182636
8371;0.671387;182637
8372;0.793457;182638
8373;0.854492;182639
8374;0.976562;182640
8375;0.976562;182641
8376;0.640869;182642
8377;0.976562;182643
8378;0.854492;182644
8379;0.762939;182645
8380;0.946045;182646
8381;0.854492;182647
8382;0.823975;182648
8383;0.549316;182649
8384;0.976562;182650
8385;0.946045;182651
8386;0.762939;182652
8387;0.732422;182653
8388;0.915527;182654
8389;0.732422;182655
8390;0.549316;182656
8391;0.854492;182657
8392;0.732422;182658
8393;0.640869;182659
8394;0.823975;182660
8395;0.701904;182661
8396;0.518799;182662
8397;0.671387;182663
8398;0.427246;182664
8399;0.640869;182665
8400;0.732422;182666
8401;0.701904;182667
8402;0.671387;182668
8403;0.793457;182669
8404;0.640869;182670
8405;0.793457;182671
8406;0.976562;182672
8407;0.762939;182673
8408;0.732422;182674
8409;0.946045;182675
8410;1.068115;182676
8411;0.793457;182677
8412;0.854492;182678
8413;0.915527;182679
8414;1.098633;182680
8415;0.946045;182681
8416;0.793457;182682
8417;0.762939;182683
8418;0.823975;182684
8419;0.915527;182685
8420;0.854492;182686
8421;0.762939;182687
8422;0.793457;182688
8423;0.701904;182689
8424;0.671387;182690
8425;0.762939;182691
8426;0.579834;182692
8427;0.732422;182693
8428;0.671387;182694
8429;0.457764;182695
8430;0.701904;182696
8431;0.671387;182697
8432;0.732422;182698
8433;0.732422;182699
8434;0.793457;182700
8435;0.671387;182701
8436;0.732422;182702
8437;0.732422;182703
8438;0.793457;182704
8439;0.762939;182705
8440;0.762939;182706
8441;0.732422;182707
8442;0.732422;182708
8443;0.671387;182709
8444;0.671387;182710
8445;0.579834;182711
8446;0.640869;182712
8447;0.732422;182713
8448;0.701904;182714
8449;0.549316;182715
8450;0.579834;182716
8451;0.793457;182717
8452;0.823975;182718
8453;0.701904;182719
8454;0.732422;182720
8455;0.701904;182721
8456;0.640869;182722
8457;0.732422;182723
8458;0.762939;182724
8459;0.732422;182725
8460;0.793457;182726
8461;0.732422;182727
8462;0.762939;182728
8463;0.762939;182729
8464;0.732422;182730
8465;0.762939;182731
8466;0.579834;182732
8467;0.762939;182733
8468;0.701904;182734
8469;0.823975;182735
8470;0.946045;182736
8471;0.823975;182737
8472;0.946045;182738
8473;0.915527;182739
8474;0.915527;182740
8475;1.068115;182741
8476;1.037598;182742
8477;0.976562;182743
8478;0.823975;182744
8479;0.701904;182745
8480;1.068115;182746
8481;0.946045;182747
8482;0.854492;182748
8483;0.701904;182749
8484;0.854492;182750
8485;0.762939;182751
8486;0.854492;182752
8487;0.762939;182753
8488;0.671387;182754
8489;0.701904;182755
8490;0.732422;182756
8491;0.579834;182757
8492;0.701904;182758
8493;0.701904;182759
8494;0.671387;182760
8495;0.579834;182761
8496;0.701904;182762
8497;0.488281;182763
8498;0.793457;182764
8499;0.640869;182765
8500;0.732422;182766
8501;0.823975;182767
8502;0.854492;182768
8503;0.762939;182769
8504;0.915527;182770
8505;0.823975;182771
8506;0.854492;182772
8507;0.823975;182773
8508;1.129150;182774
8509;0.793457;182775
8510;0.946045;182776
8511;1.007080;182777
8512;0.915527;182778
8513;0.823975;182779
8514;0.793457;182780
8515;0.854492;182781
8516;0.793457;182782
8517;0.854492;182783
8518;0.732422;182784
8519;0.671387;182785
8520;0.946045;182786
8521;0.854492;182787
8522;0.671387;182788
8523;0.793457;182789
8524;0.793457;182790
8525;0.671387;182791
8526;0.579834;182792
8527;0.579834;182793
8528;0.793457;182794
8529;0.671387;182795
8530;0.579834;182796
8531;0.732422;182797
8532;0.701904;182798
8534;0.579834;182800
8542;0.701904;182808
8550;0.701904;182816
8559;0.793457;182825
8567;0.793457;182833
8575;0.762939;182841
8584;0.701904;182850
8592;0.976562;182858
8600;0.823975;182866
8608;0.732422;182874
8616;0.823975;182882
8624;1.007080;182890
8632;0.823975;182898
8640;0.671387;182906
8648;0.854492;182914
8656;0.793457;182922
8664;0.854492;182930
8673;0.915527;182939
8681;0.549316;182947
8690;0.701904;182956
8698;0.762939;182964
8706;0.732422;182972
8714;0.823975;182980
8722;0.854492;182988
8731;0.823975;182997
8739;43.182373;183005
8747;105.255127;183013
8755;156.402588;183021
8763;198.608398;183029
8772;237.854004;183038
8780;266.052246;183046
8789;292.633057;183055
8796;309.570312;183062
8803;323.974609;183069
8811;337.982178;183077
8819;349.884033;183085
8828;360.809326;183094
8837;369.812012;183103
8844;375.762939;183110
8853;382.141113;183119
8861;386.383057;183127
8870;391.113281;183136
8878;394.531250;183144
8888;397.949219;183154
8897;400.512695;183163
8905;402.099609;183171
8914;403.930664;183180
8924;405.456543;183190
8932;406.616211;183198
8940;407.440186;183206
8949;408.386230;183215
8957;408.996582;183223
8965;409.667969;183231
8974;410.156250;183240
8982;410.644531;183248
8990;410.919189;183256
8999;411.041260;183265
9007;411.468506;183273
9016;411.682129;183282
9024;412.078857;183290
9032;412.322998;183298
9040;412.231445;183306
9049;412.567139;183315
9057;412.567139;183323
9065;412.689209;183331
9073;412.689209;183339
9082;412.689209;183348
9090;412.841797;183356
9098;412.841797;183364
9106;412.933350;183372
9114;412.872314;183380
9122;412.841797;183388
9131;413.085937;183397
9139;412.963867;183405
9146;412.872314;183412
9155;413.208008;183421
9165;413.238525;183431
9174;413.055420;183440
9183;413.085937;183449
9191;413.116455;183457
9201;413.513184;183467
9209;413.421631;183475
9218;413.146973;183484
9227;413.360596;183493
9236;413.299561;183502
9245;413.177490;183511
9253;413.421631;183519
9260;413.299561;183526
9269;413.726807;183535
9277;413.513184;183543
9285;413.452148;183551
9293;413.391113;183559
9302;413.513184;183568
9311;413.635254;183577
9320;413.421631;183586
9328;413.604736;183594
9335;413.452148;183601
9343;413.421631;183609
9351;413.604736;183617
9359;413.452148;183625
9368;413.208008;183634
9376;413.452148;183642
9384;413.635254;183650
9392;413.635254;183658
9400;413.635254;183666
9408;413.574219;183674
9415;413.787842;183681
9423;413.513184;183689
9432;413.513184;183698
9441;413.635254;183707
9449;413.665771;183715
9458;413.726807;183724
9467;413.482666;183733
9474;413.574219;183740
9482;413.604736;183748
9490;413.665771;183756
9499;413.635254;183765
9506;413.665771;183772
9514;413.696289;183780
9523;413.757324;183789
9531;413.757324;183797
9540;413.726807;183806
9548;413.635254;183814
9555;413.909912;183821
9564;413.757324;183830
9572;413.696289;183838
9579;413.574219;183845
9587;413.635254;183853
9596;413.757324;183862
9603;413.665771;183869
9612;413.696289;183878
9620;413.757324;183886
9628;413.696289;183894
9635;413.513184;183901
9643;413.635254;183909
9652;413.787842;183918
9661;413.848877;183927
9669;413.909912;183935
9677;413.665771;183943
9685;413.757324;183951
9693;413.726807;183959
9700;414.489746;183966
9708;414.794922;183974
9718;414.855957;183984
9726;414.855957;183992
9734;415.130615;184000
9742;415.008545;184008
9749;414.855957;184015
9758;414.825439;184024
9765;414.733887;184031
9774;414.733887;184040
9782;414.947510;184048
9790;414.886475;184056
9798;415.008545;184064
9806;415.069580;184072
9814;415.008545;184080
9821;414.855957;184087
9830;414.825439;184096
9839;414.947510;184105
9847;414.794922;184113
9855;414.886475;184121
9863;414.947510;184129
9872;415.039063;184138
9881;415.039063;184147
9889;414.886475;184155
9897;414.886475;184163
9905;415.008545;184171
9914;415.039063;184180
9923;414.855957;184189
9931;414.855957;184197
9940;414.855957;184206
9947;414.764404;184213
9954;414.947510;184220
9964;414.794922;184230
9972;414.855957;184238
9981;415.222168;184247
9990;415.008545;184256
9999;415.130615;184265
10009;415.008545;184275
10017;415.069580;184283
10027;415.008545;184293
10035;414.764404;184301
10045;414.825439;184311
10053;414.947510;184319
10063;414.764404;184329
10071;414.825439;184337
10079;414.855957;184345
10088;414.825439;184354
10097;415.008545;184363
10107;414.886475;184373
10117;415.100098;184383
10126;415.161133;184392
10134;415.100098;184400
10142;414.703369;184408
10151;415.008545;184417
10159;414.886475;184425
10167;415.069580;184433
10175;415.008545;184441
10183;415.039063;184449
10191;414.855957;184457
10200;414.855957;184466
10208;414.947510;184474
10215;414.733887;184481
10223;415.039063;184489
10232;414.947510;184498
10240;415.039063;184506
10248;414.794922;184514
10256;414.947510;184522
10264;415.100098;184530
10273;415.069580;184539
10282;414.825439;184548
10290;414.825439;184556
10298;414.764404;184564
10305;414.733887;184571
10313;414.855957;184579
10320;414.886475;184586
10327;414.764404;184593
10335;414.855957;184601
10344;414.978027;184610
10353;414.855957;184619
10361;414.825439;184627
10371;414.794922;184637
10378;415.039063;184644
10387;52.764893;184653
10395;9.246826;184661
10404;2.441406;184670
10413;1.129150;184679
10423;0.854492;184689
10431;0.762939;184697
10440;0.671387;184706
10447;0.579834;184713
10455;0.579834;184721
10463;0.457764;184729
10470;0.274658;184736
10478;0.366211;184744
10485;0.305176;184751
10493;0.518799;184759
10501;0.640869;184767
10509;0.457764;184775
10517;0.427246;184783
10527;0.305176;184793
10535;0.549316;184801
10542;0.244141;184808
10549;0.366211;184815
10557;0.213623;184823
10566;0.305176;184832
10573;0.427246;184839
10581;0.457764;184847
10589;0.366211;184855
10597;0.427246;184863
10606;0.213623;184872
10615;0.518799;184881
10623;0.305176;184889
10631;0.213623;184897
10639;0.427246;184905
10647;0.457764;184913
10655;0.549316;184921
10663;0.549316;184929
10670;0.579834;184936
10678;0.244141;184944
10687;0.427246;184953
10694;0.518799;184960
10702;0.427246;184968
10710;0.366211;184976
10718;0.305176;184984
10725;0.305176;184991
10734;0.518799;185000
10742;0.427246;185008
10749;0.488281;185015
10757;0.396729;185023
10764;0.732422;185030
10771;0.549316;185037
10778;0.457764;185044
10787;0.396729;185053
10795;0.457764;185061
10802;0.427246;185068
10810;0.701904;185076
10818;0.274658;185084
10825;0.305176;185091
10833;0.244141;185099
10840;0.366211;185106
10848;0.396729;185114
10856;0.457764;185122
10863;0.640869;185129
10870;0.366211;185136
10877;0.640869;185143
10884;0.305176;185150
10891;0.518799;185157
10899;0.427246;185165
10908;0.457764;185174
10915;0.305176;185181
10922;0.183105;185188
10929;0.427246;185195
10936;0.366211;185202
10943;0.091553;185209
10950;0.274658;185216
10957;0.152588;185223
10964;0.457764;185230
10971;0.549316;185237
10978;0.366211;185244
10986;0.396729;185252
10994;0.457764;185260
11001;0.244141;185267
11008;0.488281;185274
11016;0.549316;185282
11024;0.549316;185290
11031;0.213623;185297
11038;0.396729;185304
11046;0.305176;185312
11054;0.366211;185320
11061;0.579834;185327
11068;0.549316;185334
11075;0.549316;185341
11083;0.488281;185349
11091;0.366211;185357
11100;0.488281;185366
11107;0.274658;185373
11114;0.305176;185380
11121;0.457764;185387
11128;0.396729;185394
11135;0.518799;185401
11142;0.305176;185408
11150;0.305176;185416
11158;0.457764;185424
11165;0.457764;185431
11173;0.183105;185439
11180;0.518799;185446
11187;0.549316;185453
11195;0.488281;185461
11202;0.366211;185468
11209;0.549316;185475
11216;0.640869;185482
11223;0.274658;185489
11230;0.366211;185496
11238;0.427246;185504
11246;0.305176;185512
11254;0.274658;185520
11262;0.274658;185528
11270;0.366211;185536
11277;0.305176;185543
11284;0.274658;185550
11291;0.305176;185557
11298;0.671387;185564
11305;0.488281;185571
11312;0.244141;185578
11319;0.579834;185585
11326;0.366211;185592
11333;0.457764;185599
11340;0.488281;185606
11348;0.427246;185614
11356;0.671387;185622
11363;0.457764;185629
11370;0.030518;185636
11377;0.457764;185643
11384;0.274658;185650
11391;0.488281;185657
11398;0.427246;185664
11405;0.244141;185671
11412;0.274658;185678
11419;0.366211;185685
11426;0.305176;185692
11433;0.518799;185699
11440;0.305176;185706
11447;0.305176;185713
11454;0.183105;185720
11461;0.427246;185727
11468;0.427246;185734
11476;0.488281;185742
11484;0.396729;185750
11491;0.183105;185757
11498;0.274658;185764
11505;0.701904;185771
11513;0.457764;185779
11520;0.366211;185786
11528;0.213623;185794
11535;0.396729;185801
11542;0.427246;185808
11550;0.549316;185816
11557;0.640869;185823
11566;0.671387;185832
11573;0.396729;185839
11580;0.488281;185846
11587;0.427246;185853
11595;0.518799;185861
11602;0.366211;185868
11609;0.457764;185875
11617;0.305176;185883
11625;0.244141;185891
11633;0.396729;185899
11641;0.427246;185907
11648;0.488281;185914
11656;0.549316;185922
11664;0.549316;185930
