ID;VALUE;TIMESTAMP
0;-0.001526;53199
1;-0.006104;53200
2;-0.004578;53201
3;0.000763;53202
4;0.000763;53203
5;-0.002289;53204
6;0.000763;53205
7;0.000763;53206
8;-0.003052;53207
9;-0.001526;53208
10;-0.001526;53209
11;-0.001526;53210
12;-0.002289;53211
13;0.000000;53212
14;0.006866;53213
15;-0.001526;53214
16;0.001526;53215
17;-0.002289;53216
18;0.003815;53217
19;-0.003815;53218
20;-0.001526;53219
21;-0.001526;53220
22;0.011444;53221
23;-0.004578;53222
24;-0.001526;53223
25;0.003815;53224
26;0.000763;53225
27;0.000763;53226
28;0.004578;53227
29;0.002289;53228
30;0.000763;53229
31;0.000763;53230
32;-0.003815;53231
33;-0.002289;53232
34;-0.001526;53233
35;-0.001526;53234
36;0.005341;53235
37;-0.002289;53236
38;0.003815;53237
39;-0.005341;53238
40;-0.012207;53239
41;0.006866;53240
42;-0.001526;53241
43;0.003052;53242
44;-0.003815;53243
45;0.000763;53244
46;-0.001526;53245
47;-0.001526;53246
48;-0.006104;53247
49;0.001526;53248
50;-0.003052;53249
51;-0.009155;53250
52;-0.001526;53251
53;0.000763;53252
54;0.002289;53253
55;0.007629;53254
56;-0.004578;53255
57;0.008392;53256
58;0.006866;53257
59;-0.003052;53258
60;-0.003052;53259
61;0.003815;53260
62;-0.001526;53261
63;-0.001526;53262
64;-0.003052;53263
65;-0.001526;53264
66;-0.003815;53265
67;0.007629;53266
68;-0.001526;53267
69;-0.001526;53268
70;0.003052;53269
71;-0.001526;53270
72;0.000000;53271
73;0.009155;53272
74;0.004578;53273
75;-0.004578;53274
76;0.005341;53275
77;0.000763;53276
78;-0.001526;53277
79;-0.012207;53278
80;0.001526;53279
81;0.000763;53280
82;0.004578;53281
83;0.000763;53282
84;0.007629;53283
85;0.003052;53284
86;-0.001526;53285
87;-0.001526;53286
88;0.001526;53287
89;0.003815;53288
90;-0.003815;53289
91;0.008392;53290
92;0.003815;53291
93;-0.002289;53292
94;-0.003815;53293
95;0.002289;53294
96;-0.001526;53295
97;0.001526;53296
98;0.002289;53297
99;-0.001526;53298
100;0.001526;53299
101;0.005341;53300
102;-0.005341;53301
103;-0.001526;53302
104;-0.001526;53303
105;-0.001526;53304
106;-0.007629;53305
107;-0.002289;53306
108;0.005341;53307
109;0.000000;53308
110;0.000000;53309
111;0.003052;53310
112;-0.008392;53311
113;-0.001526;53312
114;-0.001526;53313
115;0.003815;53314
116;0.001526;53315
117;0.000763;53316
118;-0.001526;53317
119;0.000763;53318
120;0.003815;53319
121;0.001526;53320
122;0.008392;53321
123;0.003815;53322
124;0.001526;53323
125;0.001526;53324
126;0.005341;53325
127;0.002289;53326
128;0.002289;53327
129;0.003052;53328
130;0.003815;53329
131;0.007629;53330
132;0.001526;53331
133;-0.001526;53332
134;0.000000;53333
135;0.015259;53334
136;0.007629;53335
137;0.000763;53336
138;-0.001526;53337
139;0.002289;53338
140;-0.001526;53339
141;-0.004578;53340
142;-0.001526;53341
143;-0.001526;53342
144;0.004578;53343
145;0.003052;53344
146;-0.002289;53345
147;0.003815;53346
148;0.007629;53347
149;-0.003815;53348
150;-0.002289;53349
151;0.006866;53350
152;-0.001526;53351
153;-0.001526;53352
154;-0.003052;53353
155;0.004578;53354
156;0.001526;53355
157;-0.002289;53356
158;0.001526;53357
159;0.005341;53358
160;0.000763;53359
161;-0.001526;53360
162;0.001526;53361
163;0.003815;53362
164;0.002289;53363
165;-0.007629;53364
166;0.002289;53365
167;0.003815;53366
168;0.005341;53367
169;-0.005341;53368
170;-0.001526;53369
171;-0.001526;53370
172;-0.001526;53371
173;0.003052;53372
174;0.000763;53373
175;0.001526;53374
176;0.002289;53375
177;-0.001526;53376
178;0.000763;53377
179;0.001526;53378
180;0.000763;53379
181;-0.001526;53380
182;0.002289;53381
183;0.003815;53382
184;0.000763;53383
185;-0.008392;53384
186;0.005341;53385
187;-0.001526;53386
188;-0.006104;53387
189;-0.002289;53388
190;0.002289;53389
191;0.000000;53390
192;0.002289;53391
193;-0.004578;53392
194;0.007629;53393
195;0.002289;53394
196;-0.001526;53395
197;-0.001526;53396
198;-0.001526;53397
199;0.007629;53398
200;-0.001526;53399
201;-0.001526;53400
202;-0.002289;53401
203;-0.001526;53402
204;-0.001526;53403
205;0.000763;53404
206;0.003815;53405
207;0.004578;53406
208;-0.005341;53407
209;-0.004578;53408
210;0.000000;53409
211;0.003052;53410
212;-0.004578;53411
213;0.001526;53412
214;-0.001526;53413
215;0.002289;53414
216;-0.003052;53415
217;-0.008392;53416
218;0.000000;53417
219;0.006866;53418
220;-0.001526;53419
221;-0.003052;53420
222;0.002289;53421
223;-0.001526;53422
224;-0.005341;53423
225;0.000763;53424
226;0.001526;53425
227;0.001526;53426
228;-0.007629;53427
229;0.002289;53428
230;0.000000;53429
231;0.001526;53430
232;-0.001526;53431
233;-0.003815;53432
234;0.001526;53433
235;0.003815;53434
236;-0.002289;53435
237;-0.003815;53436
238;0.000000;53437
239;0.004578;53438
240;0.000763;53439
241;-0.003052;53440
242;0.007629;53441
243;0.001526;53442
244;0.002289;53443
245;-0.003052;53444
246;0.003815;53445
247;0.000000;53446
248;-0.001526;53447
249;-0.004578;53448
250;0.011444;53449
251;-0.003052;53450
252;0.000000;53451
253;-0.001526;53452
254;0.003815;53453
255;0.000000;53454
256;0.000763;53455
257;-0.007629;53456
258;0.005341;53457
259;0.003052;53458
260;0.000763;53459
261;-0.001526;53460
262;0.005341;53461
263;0.003815;53462
264;0.001526;53463
265;-0.001526;53464
266;0.004578;53465
267;-0.002289;53466
268;0.000000;53467
269;0.003052;53468
270;0.011444;53469
271;-0.001526;53470
272;0.004578;53471
273;-0.001526;53472
274;0.008392;53473
275;0.003052;53474
276;0.001526;53475
277;-0.006104;53476
278;0.000763;53477
279;0.003052;53478
280;-0.001526;53479
281;-0.001526;53480
282;0.006866;53481
283;0.002289;53482
284;-0.004578;53483
285;0.003815;53484
286;0.003052;53485
287;-0.001526;53486
288;-0.001526;53487
289;0.003815;53488
290;-0.001526;53489
291;-0.001526;53490
292;-0.006104;53491
293;0.001526;53492
294;0.003815;53493
295;0.000763;53494
296;0.000763;53495
297;0.002289;53496
298;0.000763;53497
299;-0.001526;53498
300;-0.001526;53499
301;0.006866;53500
302;0.006866;53501
303;-0.001526;53502
304;0.000000;53503
305;0.005341;53504
306;0.005341;53505
307;0.000000;53506
308;-0.001526;53507
309;0.002289;53508
310;-0.001526;53509
311;-0.003052;53510
312;-0.001526;53511
313;-0.001526;53512
314;0.000000;53513
315;-0.001526;53514
316;0.001526;53515
317;0.002289;53516
318;0.000763;53517
319;-0.001526;53518
320;-0.001526;53519
321;-0.001526;53520
322;0.000763;53521
323;-0.002289;53522
324;-0.001526;53523
325;0.003052;53524
326;-0.001526;53525
327;-0.004578;53526
328;0.007629;53527
329;0.008392;53528
330;-0.001526;53529
331;-0.003815;53530
332;0.007629;53531
333;0.000763;53532
334;-0.001526;53533
335;0.005341;53534
336;0.008392;53535
337;0.002289;53536
338;0.002289;53537
339;-0.010681;53538
340;0.001526;53539
341;0.009155;53540
342;0.000763;53541
343;-0.004578;53542
344;0.001526;53543
345;0.005341;53544
346;-0.002289;53545
347;0.003052;53546
348;0.000000;53547
349;0.000763;53548
350;0.005341;53549
351;-0.003815;53550
352;0.001526;53551
353;0.000000;53552
354;0.003052;53553
355;-0.006104;53554
356;0.003815;53555
357;0.000763;53556
358;-0.001526;53557
359;0.003052;53558
360;0.006866;53559
361;0.005341;53560
362;0.003815;53561
363;-0.001526;53562
364;-0.001526;53563
365;0.000763;53564
366;-0.007629;53565
367;-0.001526;53566
368;-0.001526;53567
369;0.003815;53568
370;-0.006104;53569
371;-0.001526;53570
372;0.002289;53571
373;0.000763;53572
374;-0.001526;53573
375;-0.001526;53574
376;0.003052;53575
377;0.002289;53576
378;-0.001526;53577
379;0.001526;53578
380;0.003815;53579
381;-0.003052;53580
382;-0.001526;53581
383;0.004578;53582
384;0.009155;53583
385;-0.002289;53584
386;-0.004578;53585
387;0.000763;53586
388;-0.001526;53587
389;0.001526;53588
390;-0.001526;53589
391;0.003052;53590
392;0.004578;53591
393;-0.001526;53592
394;0.001526;53593
395;0.005341;53594
396;0.006866;53595
397;-0.001526;53596
398;0.000763;53597
399;0.001526;53598
400;0.001526;53599
401;-0.001526;53600
402;-0.001526;53601
403;0.007629;53602
404;0.003815;53603
405;-0.001526;53604
406;-0.001526;53605
407;0.003052;53606
408;-0.001526;53607
409;0.003052;53608
410;-0.005341;53609
411;0.009155;53610
412;0.000763;53611
413;-0.001526;53612
414;-0.009155;53613
415;-0.003052;53614
416;0.003815;53615
417;-0.001526;53616
418;-0.001526;53617
419;-0.001526;53618
420;-0.001526;53619
421;0.002289;53620
422;0.001526;53621
423;-0.001526;53622
424;-0.001526;53623
425;0.000763;53624
426;0.003815;53625
427;-0.001526;53626
428;0.004578;53627
429;-0.005341;53628
430;0.003052;53629
431;0.003815;53630
432;-0.001526;53631
433;-0.001526;53632
434;0.001526;53633
435;-0.002289;53634
436;0.003815;53635
437;0.002289;53636
438;-0.002289;53637
439;0.005341;53638
440;0.001526;53639
441;-0.005341;53640
442;0.002289;53641
443;0.003815;53642
444;-0.001526;53643
445;-0.010681;53644
446;0.003815;53645
447;-0.003052;53646
448;0.002289;53647
449;0.001526;53648
450;0.000000;53649
451;0.003052;53650
452;0.006866;53651
453;-0.001526;53652
454;-0.003815;53653
455;0.004578;53654
456;0.001526;53655
457;-0.003815;53656
458;0.001526;53657
459;-0.001526;53658
460;0.004578;53659
461;-0.003815;53660
462;0.006866;53661
463;-0.001526;53662
464;-0.001526;53663
465;-0.001526;53664
466;-0.003052;53665
467;-0.001526;53666
468;0.000763;53667
469;-0.002289;53668
470;-0.001526;53669
471;-0.001526;53670
472;-0.001526;53671
473;-0.001526;53672
474;-0.001526;53673
475;0.001526;53674
476;-0.001526;53675
477;-0.009155;53676
478;0.008392;53677
479;0.001526;53678
480;-0.001526;53679
481;-0.002289;53680
482;0.001526;53681
483;0.000000;53682
484;0.000000;53683
485;-0.001526;53684
486;0.003052;53685
487;-0.001526;53686
488;0.000763;53687
489;-0.004578;53688
490;0.000763;53689
491;-0.001526;53690
492;0.003815;53691
493;-0.001526;53692
494;0.007629;53693
495;-0.001526;53694
496;-0.001526;53695
497;-0.003815;53696
498;0.001526;53697
499;-0.005341;53698
500;-0.001526;53699
501;-0.004578;53700
502;0.008392;53701
503;0.000763;53702
504;-0.001526;53703
505;-0.001526;53704
506;0.007629;53705
507;-0.001526;53706
508;-0.001526;53707
509;0.000000;53708
510;0.004578;53709
511;-0.003052;53710
512;0.001526;53711
513;-0.001526;53712
514;0.005341;53713
515;-0.001526;53714
516;0.000000;53715
517;0.003052;53716
518;0.003052;53717
519;-0.001526;53718
520;0.001526;53719
521;0.003815;53720
522;0.001526;53721
523;-0.001526;53722
524;-0.004578;53723
525;-0.001526;53724
526;-0.001526;53725
527;-0.001526;53726
528;0.001526;53727
529;0.000000;53728
530;0.003052;53729
531;-0.001526;53730
532;0.007629;53731
533;0.002289;53732
534;0.006866;53733
535;0.001526;53734
536;0.000763;53735
537;0.004578;53736
538;0.004578;53737
539;0.001526;53738
540;0.004578;53739
541;0.000000;53740
542;0.000763;53741
543;-0.003052;53742
544;0.000763;53743
545;0.001526;53744
546;0.000763;53745
547;0.000763;53746
548;-0.001526;53747
549;0.003052;53748
550;-0.006104;53749
551;0.003052;53750
552;0.000763;53751
553;0.009918;53752
554;-0.001526;53753
555;0.008392;53754
556;0.003052;53755
557;0.002289;53756
558;0.001526;53757
559;-0.002289;53758
560;-0.005341;53759
561;0.008392;53760
562;-0.007629;53761
563;0.002289;53762
564;-0.003052;53763
565;0.002289;53764
566;-0.002289;53765
567;-0.001526;53766
568;0.003052;53767
569;0.002289;53768
570;-0.009155;53769
571;0.002289;53770
572;-0.002289;53771
573;0.001526;53772
574;-0.002289;53773
575;0.006866;53774
576;-0.003052;53775
577;0.005341;53776
578;-0.001526;53777
579;-0.001526;53778
580;0.000000;53779
581;0.001526;53780
582;-0.003052;53781
583;-0.001526;53782
584;-0.004578;53783
585;0.001526;53784
586;-0.009918;53785
587;-0.001526;53786
588;-0.001526;53787
589;-0.003052;53788
590;-0.001526;53789
591;0.003052;53790
592;0.005341;53791
593;0.003052;53792
594;-0.002289;53793
595;-0.001526;53794
596;0.003815;53795
597;-0.001526;53796
598;-0.005341;53797
599;0.006866;53798
600;0.002289;53799
601;-0.001526;53800
602;0.005341;53801
603;0.004578;53802
604;-0.004578;53803
605;0.000763;53804
606;-0.001526;53805
607;0.000763;53806
608;0.005341;53807
609;0.006866;53808
610;0.000763;53809
611;-0.001526;53810
612;-0.001526;53811
613;0.000000;53812
614;-0.001526;53813
615;0.003815;53814
616;-0.002289;53815
617;-0.002289;53816
618;0.000000;53817
619;0.000000;53818
620;0.004578;53819
621;0.000000;53820
622;0.002289;53821
623;0.001526;53822
624;0.000763;53823
625;-0.008392;53824
626;-0.002289;53825
627;0.001526;53826
628;-0.001526;53827
629;-0.001526;53828
630;-0.002289;53829
631;0.003815;53830
632;-0.003815;53831
633;-0.001526;53832
634;-0.001526;53833
635;0.000000;53834
636;-0.001526;53835
637;-0.003052;53836
638;-0.001526;53837
639;0.002289;53838
640;0.003052;53839
641;-0.006104;53840
642;0.002289;53841
643;0.006866;53842
644;-0.001526;53843
645;-0.010681;53844
646;-0.001526;53845
647;0.004578;53846
648;0.004578;53847
649;-0.006104;53848
650;-0.001526;53849
651;-0.001526;53850
652;0.002289;53851
653;-0.003052;53852
654;0.001526;53853
655;0.007629;53854
656;0.001526;53855
657;-0.004578;53856
658;0.005341;53857
659;-0.007629;53858
660;0.002289;53859
661;0.000000;53860
662;-0.001526;53861
663;-0.001526;53862
664;0.005341;53863
665;-0.006104;53864
666;0.001526;53865
667;0.004578;53866
668;-0.001526;53867
669;-0.001526;53868
670;0.006866;53869
671;0.005341;53870
672;-0.003815;53871
673;0.006866;53872
674;0.004578;53873
675;-0.005341;53874
676;-0.002289;53875
677;0.003815;53876
678;-0.001526;53877
679;0.004578;53878
680;0.000763;53879
681;-0.001526;53880
682;0.002289;53881
683;0.007629;53882
684;0.003052;53883
685;0.001526;53884
686;0.001526;53885
687;0.003052;53886
688;-0.001526;53887
689;0.001526;53888
690;0.004578;53889
691;0.003052;53890
692;0.002289;53891
693;-0.001526;53892
694;0.000000;53893
695;0.003815;53894
696;-0.001526;53895
697;-0.001526;53896
698;0.005341;53897
699;-0.001526;53898
700;-0.004578;53899
701;0.000000;53900
702;-0.001526;53901
703;0.003052;53902
704;0.000763;53903
705;0.000763;53904
706;-0.001526;53905
707;0.002289;53906
708;-0.001526;53907
709;-0.001526;53908
710;-0.001526;53909
711;0.003815;53910
712;-0.001526;53911
713;-0.003815;53912
714;0.002289;53913
715;0.001526;53914
716;-0.001526;53915
717;0.000763;53916
718;0.003815;53917
719;0.002289;53918
720;-0.006104;53919
721;0.005341;53920
722;-0.003052;53921
723;-0.001526;53922
724;-0.001526;53923
725;-0.001526;53924
726;-0.001526;53925
727;0.000000;53926
728;0.000763;53927
729;0.001526;53928
730;-0.004578;53929
731;-0.002289;53930
732;-0.001526;53931
733;0.002289;53932
734;0.000000;53933
735;-0.005341;53934
736;-0.001526;53935
737;0.000000;53936
738;-0.001526;53937
739;-0.004578;53938
740;-0.001526;53939
741;0.000000;53940
742;0.006866;53941
743;-0.003815;53942
744;0.000763;53943
745;0.002289;53944
746;0.003052;53945
747;-0.010681;53946
748;0.001526;53947
749;0.001526;53948
750;-0.001526;53949
751;-0.003052;53950
752;0.001526;53951
753;0.000000;53952
754;-0.012207;53953
755;0.001526;53954
756;0.000000;53955
757;-0.001526;53956
758;-0.001526;53957
759;-0.003052;53958
760;-0.001526;53959
761;0.010681;53960
762;0.000763;53961
763;-0.001526;53962
764;-0.001526;53963
765;-0.001526;53964
766;-0.001526;53965
767;-0.001526;53966
768;-0.001526;53967
769;-0.003052;53968
770;0.004578;53969
771;0.001526;53970
772;0.003815;53971
773;0.003052;53972
774;0.005341;53973
775;-0.001526;53974
776;0.005341;53975
777;0.004578;53976
778;0.003815;53977
779;-0.001526;53978
780;-0.001526;53979
781;-0.001526;53980
782;-0.004578;53981
783;-0.003815;53982
784;0.008392;53983
785;-0.001526;53984
786;-0.002289;53985
787;-0.001526;53986
788;0.002289;53987
789;0.001526;53988
790;-0.003815;53989
791;0.005341;53990
792;0.003815;53991
793;-0.001526;53992
794;-0.002289;53993
795;0.003052;53994
796;0.001526;53995
797;-0.008392;53996
798;-0.001526;53997
799;0.000763;53998
800;-0.001526;53999
801;-0.001526;54000
802;-0.001526;54001
803;-0.001526;54002
804;0.000000;54003
805;-0.002289;54004
806;-0.001526;54005
807;0.002289;54006
808;0.003052;54007
809;0.002289;54008
810;-0.004578;54009
811;-0.001526;54010
812;0.003052;54011
813;-0.003052;54012
814;-0.003052;54013
815;-0.007629;54014
816;0.000763;54015
817;-0.001526;54016
818;-0.003052;54017
819;0.001526;54018
820;-0.001526;54019
821;-0.008392;54020
822;-0.001526;54021
823;-0.002289;54022
824;0.003052;54023
825;0.000763;54024
826;-0.001526;54025
827;0.001526;54026
828;0.000000;54027
829;-0.009155;54028
830;0.000763;54029
831;-0.001526;54030
832;0.006866;54031
833;-0.007629;54032
834;0.000000;54033
835;0.003052;54034
836;0.004578;54035
837;-0.001526;54036
838;0.003052;54037
839;0.003052;54038
840;-0.001526;54039
841;-0.006104;54040
842;-0.001526;54041
843;0.003815;54042
844;-0.002289;54043
845;-0.003052;54044
846;-0.001526;54045
847;0.002289;54046
848;-0.001526;54047
849;-0.002289;54048
850;-0.003815;54049
851;0.012207;54050
852;0.003052;54051
853;0.001526;54052
854;0.002289;54053
855;0.005341;54054
856;0.004578;54055
857;-0.002289;54056
858;0.003815;54057
859;0.008392;54058
860;-0.001526;54059
861;0.000000;54060
862;0.001526;54061
863;-0.001526;54062
864;0.000000;54063
865;-0.001526;54064
866;0.000000;54065
867;0.003815;54066
868;-0.001526;54067
869;-0.001526;54068
870;0.003815;54069
871;0.000763;54070
872;-0.001526;54071
873;0.004578;54072
874;-0.001526;54073
875;0.004578;54074
876;-0.001526;54075
877;-0.006104;54076
878;0.005341;54077
879;-0.003052;54078
880;-0.001526;54079
881;-0.010681;54080
882;0.002289;54081
883;0.001526;54082
884;-0.001526;54083
885;-0.003815;54084
886;0.001526;54085
887;-0.001526;54086
888;-0.001526;54087
889;0.000000;54088
890;-0.001526;54089
891;-0.002289;54090
892;-0.001526;54091
893;-0.001526;54092
894;0.001526;54093
895;-0.001526;54094
896;0.002289;54095
897;0.000000;54096
898;0.005341;54097
899;-0.001526;54098
900;-0.004578;54099
901;0.000763;54100
902;0.006866;54101
903;-0.001526;54102
904;0.002289;54103
905;0.001526;54104
906;0.002289;54105
907;0.001526;54106
908;0.000000;54107
909;0.001526;54108
910;0.003815;54109
911;-0.002289;54110
912;0.003815;54111
913;-0.001526;54112
914;0.005341;54113
915;-0.002289;54114
916;-0.003815;54115
917;0.011444;54116
918;0.007629;54117
919;-0.001526;54118
920;-0.001526;54119
921;0.000000;54120
922;-0.001526;54121
923;-0.001526;54122
924;0.000763;54123
925;0.000763;54124
926;-0.001526;54125
927;0.001526;54126
928;-0.001526;54127
929;0.004578;54128
930;0.000763;54129
931;-0.008392;54130
932;-0.001526;54131
933;0.003815;54132
934;-0.001526;54133
935;-0.003052;54134
936;-0.001526;54135
937;-0.001526;54136
938;0.001526;54137
939;-0.003052;54138
940;-0.003815;54139
941;-0.003815;54140
942;-0.001526;54141
943;-0.002289;54142
944;0.001526;54143
945;0.003052;54144
946;-0.001526;54145
947;-0.011444;54146
948;0.000000;54147
949;0.001526;54148
950;-0.001526;54149
951;-0.003815;54150
952;-0.005341;54151
953;-0.001526;54152
954;0.000000;54153
955;-0.001526;54154
956;0.002289;54155
957;-0.003815;54156
958;0.006866;54157
959;-0.003815;54158
960;-0.001526;54159
961;0.003052;54160
962;0.002289;54161
963;-0.001526;54162
964;0.002289;54163
965;0.002289;54164
966;-0.001526;54165
967;-0.004578;54166
968;0.002289;54167
969;0.000763;54168
970;0.003052;54169
971;0.000000;54170
972;0.003815;54171
973;0.001526;54172
974;0.000763;54173
975;0.000763;54174
976;0.001526;54175
977;0.012207;54176
978;0.002289;54177
979;-0.005341;54178
980;0.000000;54179
981;-0.002289;54180
982;0.003815;54181
983;0.000763;54182
984;-0.001526;54183
985;0.001526;54184
986;0.000763;54185
987;0.000763;54186
988;0.005341;54187
989;0.003052;54188
990;0.000763;54189
991;-0.001526;54190
992;0.005341;54191
993;0.011444;54192
994;0.004578;54193
995;-0.005341;54194
996;0.006866;54195
997;0.001526;54196
998;-0.001526;54197
999;-0.001526;54198
1000;-0.002289;54199
1001;0.005341;54200
1002;-0.004578;54201
1003;-0.003815;54202
1004;0.003815;54203
1005;-0.002289;54204
1006;-0.002289;54205
1007;-0.001526;54206
1008;0.003052;54207
1009;-0.002289;54208
1010;-0.001526;54209
1011;0.002289;54210
1012;-0.001526;54211
1013;0.002289;54212
1014;0.001526;54213
1015;0.006866;54214
1016;0.005341;54215
1017;-0.001526;54216
1018;-0.001526;54217
1019;0.000000;54218
1020;0.003815;54219
1021;0.000763;54220
1022;-0.001526;54221
1023;-0.001526;54222
1024;0.004578;54223
1025;0.003052;54224
1026;-0.001526;54225
1027;-0.001526;54226
1028;0.013733;54227
1029;-0.006104;54228
1030;-0.001526;54229
1031;-0.003052;54230
1032;-0.001526;54231
1033;-0.004578;54232
1034;-0.006104;54233
1035;0.009918;54234
1036;-0.001526;54235
1037;0.003052;54236
1038;-0.001526;54237
1039;0.001526;54238
1040;0.000763;54239
1041;-0.005341;54240
1042;-0.001526;54241
1043;0.003052;54242
1044;-0.001526;54243
1045;0.001526;54244
1046;-0.001526;54245
1047;0.001526;54246
1048;0.003815;54247
1049;0.001526;54248
1050;-0.003052;54249
1051;0.001526;54250
1052;-0.001526;54251
1053;-0.001526;54252
1054;-0.009918;54253
1055;0.006866;54254
1056;0.003815;54255
1057;0.001526;54256
1058;-0.001526;54257
1059;0.003052;54258
1060;0.003815;54259
1061;0.000763;54260
1062;0.002289;54261
1063;0.003815;54262
1064;-0.001526;54263
1065;0.004578;54264
1066;-0.001526;54265
1067;0.003815;54266
1068;0.006866;54267
1069;0.001526;54268
1070;-0.001526;54269
1071;0.007629;54270
1072;-0.003052;54271
1073;-0.001526;54272
1074;0.003815;54273
1075;0.003052;54274
1076;-0.004578;54275
1077;-0.001526;54276
1078;-0.003052;54277
1079;0.008392;54278
1080;-0.003815;54279
1081;0.001526;54280
1082;-0.001526;54281
1083;0.007629;54282
1084;-0.009155;54283
1085;-0.001526;54284
1086;-0.001526;54285
1087;0.002289;54286
1088;-0.001526;54287
1089;-0.007629;54288
1090;0.006866;54289
1091;-0.001526;54290
1092;-0.005341;54291
1093;-0.003052;54292
1094;-0.001526;54293
1095;-0.005341;54294
1096;0.000000;54295
1097;0.003052;54296
1098;0.002289;54297
1099;0.009155;54298
1100;-0.001526;54299
1101;0.004578;54300
1102;0.001526;54301
1103;0.001526;54302
1104;0.003052;54303
1105;0.000763;54304
1106;0.010681;54305
1107;0.005341;54306
1108;0.002289;54307
1109;-0.002289;54308
1110;-0.001526;54309
1111;0.003815;54310
1112;-0.003052;54311
1113;0.003052;54312
1114;-0.001526;54313
1115;0.001526;54314
1116;0.002289;54315
1117;0.004578;54316
1118;0.000763;54317
1119;0.003815;54318
1120;-0.001526;54319
1121;0.003052;54320
1122;0.000763;54321
1123;0.006866;54322
1124;-0.001526;54323
1125;0.002289;54324
1126;-0.001526;54325
1127;0.005341;54326
1128;-0.002289;54327
1129;-0.002289;54328
1130;0.007629;54329
1131;0.003052;54330
1132;-0.003052;54331
1133;-0.003052;54332
1134;0.009155;54333
1135;-0.001526;54334
1136;0.003052;54335
1137;-0.003052;54336
1138;0.000763;54337
1139;0.000000;54338
1140;-0.003815;54339
1141;-0.002289;54340
1142;0.000763;54341
1143;0.003052;54342
1144;-0.002289;54343
1145;-0.001526;54344
1146;0.000000;54345
1147;-0.001526;54346
1148;-0.001526;54347
1149;0.000000;54348
1150;-0.003052;54349
1151;0.001526;54350
1152;0.004578;54351
1153;-0.001526;54352
1154;0.001526;54353
1155;0.003815;54354
1156;-0.002289;54355
1157;-0.001526;54356
1158;0.009155;54357
1159;0.001526;54358
1160;0.000000;54359
1161;0.006866;54360
1162;0.006866;54361
1168;-0.001526;54367
1175;0.001526;54374
1182;0.003815;54381
1189;-0.001526;54388
1196;-0.001526;54395
1203;0.000000;54402
1210;-0.001526;54409
1217;-0.001526;54416
1224;0.000000;54423
1232;-0.003815;54431
1239;0.001526;54438
1246;-0.001526;54445
1253;0.001526;54452
1260;-0.001526;54459
1267;0.004578;54466
1274;-0.006104;54473
1281;0.003052;54480
1288;0.006866;54487
1295;-0.001526;54494
1302;-0.003052;54501
1309;-0.001526;54508
1316;0.003052;54515
1323;0.003052;54522
1330;-0.001526;54529
1337;-0.001526;54536
1344;-0.001526;54543
1352;0.000763;54551
1359;0.003052;54558
1366;0.005341;54565
1373;0.000763;54572
1380;-0.001526;54579
1387;-0.001526;54586
1394;-0.001526;54593
1401;-0.001526;54600
1408;-0.001526;54607
1415;0.007629;54614
1422;-0.001526;54621
1429;-0.001526;54628
1436;0.001526;54635
1443;-0.008392;54642
1450;0.008392;54649
1457;0.006866;54656
1464;-0.001526;54663
1471;-0.002289;54670
1478;-0.001526;54677
1485;0.005341;54684
1492;0.001526;54691
1499;-0.003052;54698
1506;0.001526;54705
1513;0.006866;54712
1520;-0.002289;54719
1527;-0.001526;54726
1534;-0.005341;54733
1541;-0.001526;54740
1548;0.003052;54747
1555;0.013733;54754
1562;-0.003052;54761
1569;0.007629;54768
1576;0.000763;54775
1583;0.005341;54782
1590;0.002289;54789
1597;-0.001526;54796
1604;-0.001526;54803
1611;-0.001526;54810
1618;1.828766;54817
1625;1.566315;54824
1632;1.329041;54831
1639;1.127625;54838
1646;0.970459;54845
1653;0.841522;54852
1660;0.709534;54859
1667;0.613403;54866
1674;0.522614;54873
1681;0.455475;54880
1688;0.388336;54887
1695;0.333405;54894
1702;0.287628;54901
1709;0.253296;54908
1716;0.218964;54915
1724;0.191498;54923
1731;0.157166;54930
1738;0.138855;54937
1745;0.119781;54944
1752;0.115204;54951
1759;0.096893;54958
1766;0.080872;54965
1773;0.076294;54972
1780;0.063324;54979
1787;0.050354;54986
1794;0.051880;54993
1802;0.048065;55001
1809;0.029755;55008
1816;0.035858;55015
1823;0.028992;55022
1831;0.035858;55030
1838;0.027466;55037
1846;0.027466;55045
1853;0.016022;55052
1860;0.018311;55059
1867;0.016785;55066
1874;0.020599;55073
1881;0.009155;55080
1888;0.009155;55087
1895;0.007629;55094
1902;0.015259;55101
1909;0.005341;55108
1916;0.009155;55115
1923;0.015259;55122
1930;0.021362;55129
1937;0.009155;55136
1944;0.004578;55143
1951;0.008392;55150
1958;0.008392;55157
1965;0.012207;55164
1972;0.003815;55171
1979;0.006866;55178
1986;-0.001526;55185
1993;0.006866;55192
2000;0.003052;55199
2007;0.003052;55206
2014;0.006866;55213
2021;0.001526;55220
2028;0.001526;55227
2035;0.002289;55234
2042;0.003052;55241
2049;0.005341;55248
2056;0.003815;55255
2063;0.001526;55262
2070;-0.001526;55269
2077;0.005341;55276
2084;0.009155;55283
2091;0.000763;55290
2098;0.004578;55297
2105;0.009155;55304
2112;0.009155;55311
2119;0.000763;55318
2126;0.001526;55325
2133;0.004578;55332
2140;0.004578;55339
2147;-0.001526;55346
2154;0.005341;55353
2161;0.001526;55360
2168;0.004578;55367
2175;0.005341;55374
2182;-0.001526;55381
2189;-0.001526;55388
2196;0.003815;55395
2203;0.007629;55402
2210;-0.001526;55409
2217;0.003052;55416
2224;-0.003815;55423
2231;0.002289;55430
2238;0.009155;55437
2245;0.002289;55444
2252;-0.001526;55451
2260;0.006866;55459
2267;0.001526;55466
2274;0.003052;55473
2281;0.005341;55480
2288;-0.003815;55487
2295;0.009155;55494
2302;0.003815;55501
2309;0.003815;55508
2316;0.005341;55515
2323;-0.001526;55522
2331;0.005341;55530
2338;0.003815;55537
2345;0.009155;55544
2352;-0.003052;55551
2359;0.000763;55558
2366;0.001526;55565
2373;0.003815;55572
2380;0.003052;55579
2387;-0.001526;55586
2394;0.003052;55593
2401;0.010681;55600
2408;-0.003052;55607
2415;0.002289;55614
2422;-0.001526;55621
2429;0.001526;55628
2436;-0.001526;55635
2443;0.000000;55642
2450;-0.008392;55649
2457;-0.001526;55656
2464;0.009155;55663
2471;0.005341;55670
2478;0.001526;55677
2485;0.009155;55684
2492;0.002289;55691
2499;0.005341;55698
2506;-0.001526;55705
2513;0.002289;55712
2520;0.002289;55719
2527;-0.001526;55726
2534;0.006866;55733
2541;0.003052;55740
2548;-0.001526;55747
2555;0.004578;55754
2562;0.002289;55761
2569;-0.001526;55768
2576;0.009155;55775
2583;-0.001526;55782
2590;0.003052;55789
2597;0.000763;55796
2604;-0.001526;55803
2611;-0.006104;55810
2618;0.000000;55817
2625;0.001526;55824
2632;0.003815;55831
2639;0.001526;55838
2646;0.006866;55845
2653;0.007629;55852
2660;-0.002289;55859
2667;0.000763;55866
2674;0.005341;55873
2681;0.007629;55880
2688;-0.001526;55887
2695;0.000763;55894
2702;-0.001526;55901
2709;-0.001526;55908
2716;0.001526;55915
2723;0.000000;55922
2730;-0.001526;55929
2737;0.007629;55936
2744;0.000763;55943
2751;0.000763;55950
2759;-0.003052;55958
2766;-0.001526;55965
2773;0.007629;55972
2780;-0.001526;55979
2787;0.003815;55986
2794;0.000763;55993
2802;-0.002289;56001
2809;-0.001526;56008
2816;-0.001526;56015
2823;0.000763;56022
2830;-0.006104;56029
2837;-0.001526;56036
2844;0.006866;56043
2851;0.000763;56050
2858;-0.001526;56057
2865;-0.001526;56064
2872;0.007629;56071
2879;-0.003815;56078
2886;0.000763;56085
2893;-0.003815;56092
2900;-0.001526;56099
2907;0.005341;56106
2914;-0.004578;56113
2921;-0.001526;56120
2928;0.003052;56127
2935;0.002289;56134
2942;-0.001526;56141
2949;0.000763;56148
2956;0.008392;56155
2963;0.005341;56162
2970;0.003815;56169
2977;-0.002289;56176
2984;0.001526;56183
2991;0.003052;56190
2998;0.001526;56197
3005;-0.003815;56204
3012;-0.003052;56211
3019;0.000763;56218
3026;0.001526;56225
3033;0.004578;56232
3040;0.002289;56239
3047;0.002289;56246
3054;-0.004578;56253
3061;-0.001526;56260
3068;-0.003052;56267
3075;0.002289;56274
3082;0.006866;56281
3089;0.006866;56288
3096;-0.001526;56295
3103;-0.001526;56302
3110;-0.001526;56309
3117;0.003052;56316
3124;0.007629;56323
3131;-0.001526;56330
3138;-0.004578;56337
3145;-0.001526;56344
3152;0.000763;56351
3159;0.003815;56358
3166;-0.004578;56365
3173;-0.003052;56372
3180;0.001526;56379
3187;0.000763;56386
3194;0.003052;56393
3201;-0.001526;56400
3208;0.003052;56407
3215;-0.003052;56414
3222;0.003815;56421
3229;0.001526;56428
3236;-0.002289;56435
3243;-0.001526;56442
3250;0.004578;56449
3257;-0.001526;56456
3264;-0.001526;56463
3271;-0.001526;56470
3278;-0.001526;56477
3285;-0.003052;56484
3292;0.003052;56491
3299;0.000763;56498
3306;-0.001526;56505
3313;-0.002289;56512
3320;0.020599;56519
3328;-0.001526;56527
3335;0.005341;56534
3342;-0.004578;56541
3349;-0.002289;56548
3356;-0.009155;56555
3363;-0.001526;56562
3370;0.003052;56569
3377;-0.009918;56576
3384;-0.005341;56583
3391;-0.009918;56590
3398;-0.001526;56597
3405;-0.006104;56604
3412;-0.007629;56611
3419;-0.001526;56618
3426;-0.001526;56625
3433;-0.002289;56632
3440;-0.010681;56639
3447;-0.012970;56646
3454;0.000763;56653
3461;-0.001526;56660
3468;-0.003815;56667
3475;-0.011444;56674
3482;0.001526;56681
3489;-0.006104;56688
3496;-0.008392;56695
3503;-0.004578;56702
3510;-0.008392;56709
3517;0.001526;56716
3524;0.000000;56723
3531;-0.004578;56730
3538;-0.001526;56737
3545;-0.005341;56744
3552;-0.001526;56751
3559;-0.007629;56758
3566;-0.004578;56765
3573;-0.003052;56772
3580;-0.001526;56779
3587;-0.002289;56786
3594;-0.003052;56793
3601;-0.005341;56800
3608;-0.003815;56807
3615;-0.001526;56814
3622;-0.001526;56821
3629;0.000763;56828
3636;-0.003052;56835
3643;-0.001526;56842
3650;-0.001526;56849
3657;-0.003815;56856
3664;-0.009918;56863
3671;0.006866;56870
3678;0.003815;56877
3685;-0.002289;56884
3692;0.006866;56891
3699;-0.003052;56898
3706;-0.005341;56905
3713;-0.001526;56912
3720;-0.004578;56919
3727;-0.005341;56926
3734;-0.001526;56933
3741;0.001526;56940
3748;-0.002289;56947
3755;-0.005341;56954
3762;-0.001526;56961
3769;-0.001526;56968
3776;-0.007629;56975
3783;-0.008392;56982
3791;-0.003052;56990
3799;0.003815;56998
3806;-0.006104;57005
3813;-0.010681;57012
3820;-0.006104;57019
3827;-0.001526;57026
3834;-0.004578;57033
3841;-0.011444;57040
3848;-0.009155;57047
3855;0.002289;57054
3862;-0.002289;57061
3869;-0.002289;57068
3876;-0.004578;57075
3883;-0.002289;57082
3890;-0.002289;57089
3897;-0.003052;57096
3904;-0.002289;57103
3911;-0.006104;57110
3918;-0.001526;57117
3925;0.005341;57124
3932;0.002289;57131
3939;-0.006104;57138
3946;-0.003815;57145
3953;0.000000;57152
3960;0.007629;57159
3967;-0.003815;57166
3974;-0.007629;57173
3981;-0.004578;57180
3988;0.000763;57187
3995;-0.001526;57194
4002;-0.004578;57201
4009;-0.001526;57208
4016;-0.009918;57215
4023;-0.005341;57222
4030;-0.001526;57229
4037;-0.007629;57236
4044;-0.008392;57243
4051;0.002289;57250
4058;-0.001526;57257
4065;-0.006104;57264
4072;0.000763;57271
4079;-0.012207;57278
4086;-0.009918;57285
4093;-0.001526;57292
4100;-0.001526;57299
4107;-0.007629;57306
4114;-0.004578;57313
4121;-0.003815;57320
4128;0.000000;57327
4135;-0.008392;57334
4142;-0.005341;57341
4149;0.005341;57348
4156;-0.001526;57355
4163;-0.001526;57362
4170;-0.005341;57369
4177;0.000763;57376
4184;-0.001526;57383
4191;-0.005341;57390
4198;-0.010681;57397
4205;-0.003815;57404
4212;-0.002289;57411
4219;-0.001526;57418
4226;-0.001526;57425
4233;0.000763;57432
4240;-0.003052;57439
4247;-0.003052;57446
4254;-0.001526;57453
4261;-0.001526;57460
4268;-0.012207;57467
4275;-0.003052;57474
4282;0.000000;57481
4289;-0.005341;57488
4296;-0.005341;57495
4303;-0.008392;57502
4310;0.005341;57509
4317;-0.001526;57516
4324;-0.001526;57523
4331;-0.005341;57530
4338;-0.001526;57537
4345;-0.005341;57544
4352;-0.001526;57551
4359;-0.003815;57558
4366;-0.004578;57565
4373;0.003052;57572
4380;0.002289;57579
4387;-0.003052;57586
4394;-0.005341;57593
4401;-0.001526;57600
4408;-0.003815;57607
4415;-0.002289;57614
4422;-0.003052;57621
4429;-0.001526;57628
4436;-0.001526;57635
4443;-0.001526;57642
4450;-0.008392;57649
4457;-0.001526;57656
4464;-0.001526;57663
4471;-0.002289;57670
4478;-0.001526;57677
4485;-0.008392;57684
4492;0.003815;57691
4499;0.005341;57698
4506;0.003815;57705
4513;-0.001526;57712
4520;-0.014496;57719
4527;-0.005341;57726
4534;0.003052;57733
4541;-0.006104;57740
4548;-0.002289;57747
4555;-0.006104;57754
4562;-0.003815;57761
4569;-0.001526;57768
4576;-0.003815;57775
4583;-0.004578;57782
4590;-0.001526;57789
4597;-0.003815;57796
4604;-0.003815;57803
4611;-0.006104;57810
4618;-0.003052;57817
4625;0.005341;57824
4632;-0.005341;57831
4639;-0.003815;57838
4646;-0.004578;57845
4653;-0.003815;57852
4660;-0.002289;57859
4667;-0.010681;57866
4674;-0.003052;57873
4681;-0.001526;57880
4688;-0.002289;57887
4695;-0.002289;57894
4702;0.003052;57901
4709;-0.001526;57908
4716;-0.001526;57915
4723;0.001526;57922
4730;0.001526;57929
4737;-0.002289;57936
4744;0.002289;57943
4751;0.001526;57950
4758;0.005341;57957
4765;-0.001526;57964
4772;-0.003052;57971
4779;-0.001526;57978
4786;-0.001526;57985
4793;-0.001526;57992
4800;0.005341;57999
4807;0.003815;58006
4814;-0.001526;58013
4821;-0.001526;58020
4829;-0.002289;58028
4836;0.002289;58035
4843;0.003815;58042
4850;0.000763;58049
4857;0.000000;58056
4864;-0.001526;58063
4871;-0.003815;58070
4878;-0.001526;58077
4885;0.000763;58084
4892;0.008392;58091
4899;0.004578;58098
4906;-0.001526;58105
4913;-0.001526;58112
4920;0.003815;58119
4927;-0.001526;58126
4934;-0.002289;58133
4941;0.002289;58140
4948;-0.001526;58147
4955;0.003052;58154
4962;-0.003815;58161
4969;0.003815;58168
4976;0.001526;58175
4983;-0.002289;58182
4990;-0.001526;58189
4997;0.002289;58196
5004;0.003815;58203
5011;-0.001526;58210
5018;-0.005341;58217
5025;0.007629;58224
5032;0.008392;58231
5039;0.001526;58238
5046;-0.001526;58245
5053;0.006866;58252
5060;-0.002289;58259
5104;0.005341;58303
5111;0.004578;58310
5118;-0.007629;58317
5125;0.005341;58324
5132;0.003052;58331
5142;-0.004578;58341
5149;-0.001526;58348
5156;0.003052;58355
5163;-0.001526;58362
5170;0.000000;58369
5177;-0.003815;58376
5184;0.005341;58383
5191;-0.001526;58390
5198;-0.001526;58397
5205;0.003052;58404
5212;0.007629;58411
5219;0.003815;58418
5226;0.003815;58425
5233;-0.003052;58432
5240;-0.001526;58439
5247;0.008392;58446
5254;-0.003815;58453
5261;0.003815;58460
5268;-0.001526;58467
5275;0.003815;58474
5282;0.000763;58481
5289;-0.002289;58488
5296;0.003052;58495
5306;0.006866;58505
5315;-0.003052;58514
5322;0.006866;58521
5330;0.000763;58529
5337;0.002289;58536
5344;0.002289;58543
5351;0.008392;58550
5358;0.000000;58557
5365;0.000763;58564
5372;0.002289;58571
5379;-0.001526;58578
5386;0.003052;58585
5393;0.001526;58592
5400;-0.008392;58599
5407;-0.001526;58606
5414;-0.003815;58613
5421;-0.001526;58620
5428;0.001526;58627
5435;0.002289;58634
5442;0.003052;58641
5449;-0.003052;58648
5456;0.002289;58655
5463;-0.002289;58662
5470;0.007629;58669
5477;-0.001526;58676
5484;0.002289;58683
5491;-0.003052;58690
5498;-0.002289;58697
5505;-0.003052;58704
5512;0.002289;58711
5519;0.001526;58718
5526;-0.003052;58725
5533;0.000763;58732
5540;-0.001526;58739
5547;0.003052;58746
5554;0.003052;58753
5561;-0.001526;58760
5568;0.001526;58767
5575;0.002289;58774
5582;0.000000;58781
5589;-0.003052;58788
5596;0.002289;58795
5603;0.004578;58802
5610;0.000000;58809
5617;0.000763;58816
5624;-0.001526;58823
5631;-0.001526;58830
5638;0.003815;58837
5645;0.000763;58844
5652;-0.003815;58851
5659;-0.006104;58858
5666;0.000000;58865
5673;0.004578;58872
5680;0.011444;58879
5687;0.002289;58886
5694;0.003815;58893
5701;-0.001526;58900
5708;-0.004578;58907
5715;-0.003815;58914
5722;0.002289;58921
5729;0.002289;58928
5736;-0.003052;58935
5743;-0.003815;58942
5750;0.009155;58949
5757;0.000000;58956
5764;0.000763;58963
5771;-0.001526;58970
5778;0.003815;58977
5785;-0.001526;58984
5793;-0.001526;58992
5800;-0.001526;58999
5807;0.006866;59006
5814;0.002289;59013
5821;0.005341;59020
5828;0.009918;59027
5835;-0.001526;59034
5842;0.002289;59041
5849;0.000000;59048
5856;0.004578;59055
5863;0.003815;59062
5870;-0.004578;59069
5877;-0.001526;59076
5884;0.000763;59083
5891;0.000763;59090
5898;-0.004578;59097
5905;0.000763;59104
5912;0.006866;59111
5919;0.004578;59118
5926;-0.001526;59125
5933;-0.001526;59132
5940;0.004578;59139
5947;0.001526;59146
5954;-0.001526;59153
5961;-0.001526;59160
5968;0.000000;59167
5975;0.003815;59174
5982;-0.001526;59181
5989;-0.002289;59188
5996;0.003815;59195
6003;0.003052;59202
6010;-0.008392;59209
6017;-0.001526;59216
6024;-0.018311;59223
6031;0.008392;59230
6038;-0.001526;59237
6045;0.000000;59244
6052;-0.001526;59251
6059;0.003052;59258
6066;0.004578;59265
6073;-0.001526;59272
6080;-0.003815;59279
6087;-0.002289;59286
6094;0.002289;59293
6101;0.002289;59300
6108;-0.003815;59307
6115;-0.003052;59314
6122;0.006866;59321
6129;0.005341;59328
6136;-0.004578;59335
6143;-0.001526;59342
6150;0.003052;59349
6157;-0.001526;59356
6164;-0.001526;59363
6171;-0.001526;59370
6178;0.002289;59377
6185;0.009155;59384
6192;-0.001526;59391
6199;-0.003052;59398
6206;0.005341;59405
6213;-0.001526;59412
6220;0.012207;59419
6227;0.000763;59426
6234;-0.003052;59433
6241;-0.004578;59440
6248;0.000763;59447
6255;0.003815;59454
6262;0.000763;59461
6269;0.000763;59468
6276;-0.002289;59475
6283;0.006866;59482
6290;0.000000;59489
6297;-0.003052;59496
6304;0.004578;59503
6311;0.003052;59510
6318;0.005341;59517
6325;-0.001526;59524
6333;0.003815;59532
6340;-0.003815;59539
6347;0.003815;59546
6354;-0.001526;59553
6361;-0.004578;59560
6368;0.003052;59567
6375;0.001526;59574
6382;-0.001526;59581
6389;0.005341;59588
6396;-0.001526;59595
6403;0.000000;59602
6410;-0.001526;59609
6417;-0.006104;59616
6424;-0.001526;59623
6431;0.001526;59630
6438;-0.002289;59637
6445;-0.003815;59644
6452;-0.001526;59651
6459;0.001526;59658
6466;0.008392;59665
6473;-0.010681;59672
6480;-0.001526;59679
6487;0.003815;59686
6494;0.005341;59693
6501;-0.001526;59700
6508;0.000763;59707
6515;-0.001526;59714
6522;-0.001526;59721
6529;0.003815;59728
6536;0.005341;59735
6543;0.000763;59742
6550;0.000000;59749
6557;-0.001526;59756
6564;-0.003052;59763
6571;0.003052;59770
6578;-0.007629;59777
6585;0.005341;59784
6592;-0.001526;59791
6599;0.009155;59798
6606;0.003815;59805
6613;-0.001526;59812
6620;-0.001526;59819
6627;0.003052;59826
6634;0.003815;59833
6641;0.000763;59840
6648;-0.001526;59847
6655;-0.005341;59854
6662;0.003815;59861
6669;0.008392;59868
6676;0.000763;59875
6683;0.000000;59882
6690;-0.001526;59889
6697;0.003052;59896
6704;0.001526;59903
6711;-0.001526;59910
6718;-0.003815;59917
6725;0.006866;59924
6732;0.002289;59931
6739;-0.001526;59938
6746;0.002289;59945
6753;-0.001526;59952
6760;-0.001526;59959
6767;-0.001526;59966
6774;0.000763;59973
6781;-0.003052;59980
6788;-0.001526;59987
6795;0.000000;59994
6802;0.003052;60001
6809;0.000763;60008
6816;-0.014496;60015
6823;0.004578;60022
6830;-0.001526;60029
6837;0.000000;60036
6844;-0.003052;60043
6851;0.005341;60050
6858;0.003052;60057
6865;0.003815;60064
6872;-0.001526;60071
6879;0.000000;60078
6886;-0.001526;60085
6893;-0.001526;60092
6900;-0.002289;60099
6907;-0.003052;60106
6914;-0.003052;60113
6921;0.000000;60120
6928;0.009155;60127
6935;0.002289;60134
6942;0.003052;60141
6949;0.000763;60148
6956;0.000763;60155
6963;0.003052;60162
6970;-0.001526;60169
6977;0.001526;60176
6984;-0.002289;60183
7006;0.002289;60205
7013;-0.004578;60212
7020;-0.001526;60219
7027;0.000000;60226
7034;0.000763;60233
7041;0.012207;60240
7048;0.001526;60247
7055;-0.001526;60254
7062;0.000763;60261
7069;0.002289;60268
7076;-0.001526;60275
7083;0.007629;60282
7090;-0.004578;60289
7097;0.000000;60296
7104;-0.003052;60303
7111;-0.001526;60310
7118;-0.001526;60317
7125;-0.001526;60324
7132;0.002289;60331
7139;0.007629;60338
7146;-0.001526;60345
7153;-0.001526;60352
7160;-0.001526;60359
7167;-0.001526;60366
7174;0.008392;60373
7181;-0.001526;60380
7188;-0.001526;60387
7195;-0.002289;60394
7202;0.003052;60401
7209;0.009918;60408
7216;-0.001526;60415
7223;0.002289;60422
7230;0.000763;60429
7237;0.007629;60436
7244;0.003815;60443
7251;-0.001526;60450
7258;-0.001526;60457
7267;0.000000;60466
7274;-0.001526;60473
7281;0.000763;60480
7288;0.000000;60487
7297;-0.001526;60496
7304;-0.001526;60503
7311;0.004578;60510
7318;0.004578;60517
7325;0.003052;60524
7332;-0.001526;60531
7339;-0.001526;60538
7346;0.007629;60545
7353;0.003815;60552
7360;-0.004578;60559
7367;0.001526;60566
7374;0.008392;60573
7381;-0.001526;60580
7388;0.001526;60587
7394;0.004578;181660
7395;0.000000;181661
7396;-0.004578;181662
7397;0.002289;181663
7398;0.002289;181664
7399;0.000000;181665
7400;-0.003052;181666
7401;0.001526;181667
7402;0.005341;181668
7403;-0.001526;181669
7404;-0.004578;181670
7405;0.002289;181671
7406;0.001526;181672
7407;-0.003815;181673
7408;-0.001526;181674
7409;-0.001526;181675
7410;0.006866;181676
7411;-0.001526;181677
7412;-0.003815;181678
7413;0.005341;181679
7414;0.001526;181680
7415;-0.001526;181681
7416;-0.006104;181682
7417;0.000763;181683
7418;0.002289;181684
7419;0.003052;181685
7420;-0.001526;181686
7421;-0.001526;181687
7422;-0.001526;181688
7423;-0.001526;181689
7424;-0.004578;181690
7425;0.001526;181691
7426;0.008392;181692
7427;-0.002289;181693
7428;-0.003815;181694
7429;0.003052;181695
7430;-0.008392;181696
7431;-0.001526;181697
7432;-0.001526;181698
7433;-0.008392;181699
7434;0.006866;181700
7435;-0.003815;181701
7436;-0.006104;181702
7437;0.009155;181703
7438;0.001526;181704
7439;-0.003052;181705
7440;-0.001526;181706
7441;0.004578;181707
7442;0.000763;181708
7443;0.008392;181709
7444;-0.001526;181710
7445;0.001526;181711
7446;0.004578;181712
7447;-0.002289;181713
7448;0.000000;181714
7449;-0.001526;181715
7450;0.000763;181716
7451;-0.001526;181717
7452;0.001526;181718
7453;-0.001526;181719
7454;-0.003815;181720
7455;-0.001526;181721
7456;-0.001526;181722
7457;-0.001526;181723
7458;0.008392;181724
7459;0.002289;181725
7460;0.003815;181726
7461;-0.001526;181727
7462;0.004578;181728
7463;-0.001526;181729
7464;-0.001526;181730
7465;0.003815;181731
7466;0.003052;181732
7467;0.009155;181733
7468;0.001526;181734
7469;0.001526;181735
7470;0.001526;181736
7471;0.003815;181737
7472;0.003815;181738
7473;-0.001526;181739
7474;-0.001526;181740
7475;0.000763;181741
7476;-0.001526;181742
7477;-0.005341;181743
7478;0.005341;181744
7479;-0.003815;181745
7480;-0.004578;181746
7481;-0.003052;181747
7482;0.003815;181748
7483;-0.001526;181749
7484;0.000000;181750
7485;-0.003052;181751
7486;0.002289;181752
7487;-0.001526;181753
7488;-0.001526;181754
7489;-0.001526;181755
7490;0.003815;181756
7491;0.008392;181757
7492;0.000000;181758
7493;-0.001526;181759
7494;-0.001526;181760
7495;0.001526;181761
7496;-0.004578;181762
7497;-0.001526;181763
7498;0.007629;181764
7499;-0.002289;181765
7500;0.003815;181766
7501;0.003052;181767
7502;0.003815;181768
7503;0.003815;181769
7504;-0.004578;181770
7505;0.000000;181771
7506;0.006866;181772
7507;-0.003052;181773
7508;-0.003815;181774
7509;-0.001526;181775
7510;0.004578;181776
7511;-0.001526;181777
7512;0.003815;181778
7513;-0.001526;181779
7514;0.003815;181780
7515;0.004578;181781
7516;-0.001526;181782
7517;0.000763;181783
7518;0.006866;181784
7519;0.001526;181785
7520;0.002289;181786
7521;0.000000;181787
7522;0.000000;181788
7523;0.001526;181789
7524;-0.001526;181790
7525;0.003815;181791
7526;0.006866;181792
7527;-0.002289;181793
7528;-0.001526;181794
7529;-0.006104;181795
7530;-0.001526;181796
7531;-0.003815;181797
7532;0.002289;181798
7533;0.001526;181799
7534;-0.001526;181800
7535;-0.001526;181801
7536;-0.001526;181802
7537;0.001526;181803
7538;0.014496;181804
7539;0.001526;181805
7540;0.001526;181806
7541;-0.001526;181807
7542;0.000763;181808
7543;0.001526;181809
7544;-0.004578;181810
7545;-0.001526;181811
7546;0.003052;181812
7547;0.001526;181813
7548;-0.004578;181814
7549;-0.001526;181815
7550;0.000000;181816
7551;0.000000;181817
7552;0.000000;181818
7553;-0.003815;181819
7554;0.009918;181820
7555;0.000000;181821
7556;-0.007629;181822
7557;-0.001526;181823
7558;-0.007629;181824
7559;-0.001526;181825
7560;0.000000;181826
7561;0.003052;181827
7562;0.003815;181828
7563;0.001526;181829
7564;0.003815;181830
7565;-0.001526;181831
7566;-0.001526;181832
7567;0.006866;181833
7568;0.001526;181834
7569;-0.001526;181835
7570;-0.003052;181836
7571;0.000763;181837
7572;-0.006104;181838
7573;-0.004578;181839
7574;0.002289;181840
7575;-0.004578;181841
7576;-0.003815;181842
7577;0.000000;181843
7578;-0.001526;181844
7579;0.005341;181845
7580;0.002289;181846
7581;0.000000;181847
7582;-0.001526;181848
7583;0.000763;181849
7584;0.004578;181850
7585;-0.001526;181851
7586;0.006866;181852
7587;0.005341;181853
7588;-0.001526;181854
7589;0.000763;181855
7590;0.000000;181856
7591;0.000000;181857
7592;-0.001526;181858
7593;0.001526;181859
7594;0.009918;181860
7595;-0.001526;181861
7596;-0.002289;181862
7597;0.000763;181863
7598;-0.001526;181864
7599;-0.001526;181865
7600;-0.001526;181866
7601;-0.004578;181867
7602;-0.003052;181868
7603;0.003815;181869
7604;-0.003052;181870
7605;-0.002289;181871
7606;0.001526;181872
7607;0.002289;181873
7608;0.003815;181874
7609;0.001526;181875
7610;-0.003815;181876
7611;0.000000;181877
7612;-0.001526;181878
7613;0.001526;181879
7614;0.003815;181880
7615;-0.004578;181881
7616;0.000000;181882
7617;0.004578;181883
7618;-0.002289;181884
7619;0.003815;181885
7620;-0.001526;181886
7621;-0.001526;181887
7622;0.001526;181888
7623;0.002289;181889
7624;-0.001526;181890
7625;-0.003815;181891
7626;0.004578;181892
7627;0.003052;181893
7628;0.001526;181894
7629;-0.001526;181895
7630;0.000763;181896
7631;0.004578;181897
7632;0.005341;181898
7633;-0.001526;181899
7634;0.008392;181900
7635;-0.001526;181901
7636;-0.001526;181902
7637;-0.001526;181903
7638;0.004578;181904
7639;0.001526;181905
7640;-0.002289;181906
7641;-0.001526;181907
7642;0.003052;181908
7643;0.001526;181909
7644;-0.002289;181910
7645;-0.006104;181911
7646;-0.001526;181912
7647;0.001526;181913
7648;0.000000;181914
7649;-0.009155;181915
7650;-0.002289;181916
7651;0.001526;181917
7652;-0.001526;181918
7653;-0.003052;181919
7654;-0.001526;181920
7655;-0.001526;181921
7656;-0.001526;181922
7657;-0.001526;181923
7658;0.002289;181924
7659;0.004578;181925
7660;0.000763;181926
7661;0.001526;181927
7662;-0.003052;181928
7663;0.013733;181929
7664;-0.001526;181930
7665;0.005341;181931
7666;-0.001526;181932
7667;0.002289;181933
7668;0.001526;181934
7669;-0.001526;181935
7670;0.006866;181936
7671;0.009918;181937
7672;0.003052;181938
7673;-0.007629;181939
7674;-0.003052;181940
7675;-0.001526;181941
7676;-0.001526;181942
7677;0.004578;181943
7678;-0.002289;181944
7679;0.005341;181945
7680;-0.001526;181946
7681;-0.003052;181947
7682;0.000000;181948
7683;-0.001526;181949
7684;0.000763;181950
7685;-0.001526;181951
7686;0.003815;181952
7687;-0.001526;181953
7688;0.001526;181954
7689;-0.002289;181955
7690;-0.003815;181956
7691;0.008392;181957
7692;-0.001526;181958
7693;-0.002289;181959
7694;0.002289;181960
7695;0.003052;181961
7696;0.002289;181962
7697;-0.001526;181963
7698;-0.001526;181964
7699;0.000763;181965
7700;-0.001526;181966
7701;0.007629;181967
7702;0.004578;181968
7703;0.000000;181969
7704;0.000763;181970
7705;-0.002289;181971
7706;0.003815;181972
7707;0.005341;181973
7708;0.005341;181974
7709;-0.002289;181975
7710;0.001526;181976
7711;0.002289;181977
7712;-0.001526;181978
7713;0.001526;181979
7714;-0.001526;181980
7715;-0.002289;181981
7716;0.000000;181982
7717;-0.001526;181983
7718;0.000000;181984
7719;0.006866;181985
7720;0.003052;181986
7721;-0.007629;181987
7722;0.002289;181988
7723;0.003052;181989
7724;-0.001526;181990
7725;-0.001526;181991
7726;0.000000;181992
7727;-0.001526;181993
7728;0.006866;181994
7729;-0.003815;181995
7730;-0.001526;181996
7731;-0.003052;181997
7732;-0.001526;181998
7733;0.003052;181999
7734;0.002289;182000
7735;-0.001526;182001
7736;0.003815;182002
7737;-0.003815;182003
7738;-0.001526;182004
7739;-0.001526;182005
7740;0.004578;182006
7741;-0.003815;182007
7742;0.006866;182008
7743;0.007629;182009
7744;0.001526;182010
7745;0.003815;182011
7746;-0.003052;182012
7747;0.008392;182013
7748;-0.001526;182014
7749;-0.001526;182015
7750;-0.004578;182016
7751;-0.001526;182017
7752;0.001526;182018
7753;-0.001526;182019
7754;-0.001526;182020
7755;0.004578;182021
7756;-0.001526;182022
7757;-0.001526;182023
7758;-0.001526;182024
7759;0.005341;182025
7760;-0.001526;182026
7761;-0.001526;182027
7762;0.001526;182028
7763;-0.002289;182029
7764;0.000763;182030
7765;-0.001526;182031
7766;-0.004578;182032
7767;0.006866;182033
7768;0.000000;182034
7769;-0.001526;182035
7770;-0.003052;182036
7771;-0.003052;182037
7772;0.003052;182038
7773;-0.003815;182039
7774;-0.007629;182040
7775;0.005341;182041
7776;0.000763;182042
7777;-0.007629;182043
7778;0.009155;182044
7779;0.004578;182045
7780;-0.001526;182046
7781;-0.001526;182047
7782;-0.003052;182048
7783;0.006866;182049
7784;0.004578;182050
7785;-0.007629;182051
7786;0.004578;182052
7787;-0.001526;182053
7788;-0.007629;182054
7789;0.003815;182055
7790;0.000763;182056
7791;0.002289;182057
7792;0.000763;182058
7793;-0.003815;182059
7794;-0.003052;182060
7795;0.008392;182061
7796;-0.002289;182062
7797;-0.001526;182063
7798;-0.002289;182064
7799;0.002289;182065
7800;0.005341;182066
7801;-0.005341;182067
7802;0.000763;182068
7803;-0.002289;182069
7804;0.005341;182070
7805;-0.001526;182071
7806;-0.001526;182072
7807;0.000763;182073
7808;0.007629;182074
7809;0.001526;182075
7810;-0.008392;182076
7811;0.007629;182077
7812;0.005341;182078
7813;-0.001526;182079
7814;0.002289;182080
7815;0.004578;182081
7816;0.004578;182082
7817;-0.001526;182083
7818;0.003052;182084
7819;-0.001526;182085
7820;0.001526;182086
7821;-0.002289;182087
7822;-0.002289;182088
7823;0.008392;182089
7824;-0.001526;182090
7825;-0.001526;182091
7826;0.001526;182092
7827;0.001526;182093
7828;-0.001526;182094
7829;0.001526;182095
7830;0.004578;182096
7831;0.005341;182097
7832;0.001526;182098
7833;-0.001526;182099
7834;0.003052;182100
7835;-0.001526;182101
7836;-0.001526;182102
7837;0.003815;182103
7838;-0.001526;182104
7839;0.003052;182105
7840;-0.001526;182106
7841;-0.004578;182107
7842;-0.001526;182108
7843;0.001526;182109
7844;0.000763;182110
7845;-0.001526;182111
7846;0.000763;182112
7847;-0.001526;182113
7848;-0.001526;182114
7849;0.005341;182115
7850;-0.001526;182116
7851;0.006866;182117
7852;-0.005341;182118
7853;-0.003052;182119
7854;0.004578;182120
7855;0.007629;182121
7856;-0.001526;182122
7857;-0.005341;182123
7858;0.004578;182124
7859;0.006866;182125
7860;0.005341;182126
7861;0.001526;182127
7862;0.001526;182128
7863;0.005341;182129
7864;-0.005341;182130
7865;-0.001526;182131
7866;-0.003815;182132
7867;0.004578;182133
7868;-0.006104;182134
7869;-0.004578;182135
7870;-0.003052;182136
7871;-0.001526;182137
7872;-0.001526;182138
7873;-0.001526;182139
7874;-0.001526;182140
7875;0.001526;182141
7876;0.000763;182142
7877;0.000000;182143
7878;0.005341;182144
7879;0.003815;182145
7880;-0.001526;182146
7881;-0.001526;182147
7882;0.005341;182148
7883;0.003052;182149
7884;-0.008392;182150
7885;-0.001526;182151
7886;0.001526;182152
7887;-0.001526;182153
7888;-0.001526;182154
7889;-0.007629;182155
7890;0.004578;182156
7891;-0.001526;182157
7892;-0.003052;182158
7893;0.000763;182159
7894;-0.003052;182160
7895;0.003052;182161
7896;0.000763;182162
7897;-0.004578;182163
7898;0.009155;182164
7899;0.003052;182165
7900;-0.003052;182166
7901;-0.001526;182167
7902;-0.001526;182168
7903;-0.004578;182169
7904;0.000000;182170
7905;-0.003052;182171
7906;0.000763;182172
7907;0.003815;182173
7908;-0.007629;182174
7909;0.001526;182175
7910;0.005341;182176
7911;-0.001526;182177
7912;-0.001526;182178
7913;0.000763;182179
7914;0.001526;182180
7915;0.000763;182181
7916;-0.001526;182182
7917;0.005341;182183
7918;0.008392;182184
7919;-0.001526;182185
7920;-0.003815;182186
7921;-0.001526;182187
7922;0.003052;182188
7923;-0.001526;182189
7924;-0.003052;182190
7925;-0.001526;182191
7926;-0.001526;182192
7927;0.002289;182193
7928;0.000763;182194
7929;0.003052;182195
7930;0.003052;182196
7931;0.000000;182197
7932;-0.005341;182198
7933;0.001526;182199
7934;0.002289;182200
7935;-0.001526;182201
7936;-0.001526;182202
7937;-0.001526;182203
7938;-0.001526;182204
7939;-0.001526;182205
7940;0.000763;182206
7941;-0.001526;182207
7942;0.002289;182208
7943;0.000763;182209
7944;0.000763;182210
7945;0.007629;182211
7946;0.000763;182212
7947;0.000763;182213
7948;0.006866;182214
7949;0.003052;182215
7950;-0.001526;182216
7951;-0.001526;182217
7952;-0.003815;182218
7953;-0.001526;182219
7954;-0.005341;182220
7955;-0.001526;182221
7956;0.003052;182222
7957;0.003815;182223
7958;0.001526;182224
7959;0.001526;182225
7960;0.002289;182226
7961;-0.001526;182227
7962;0.000763;182228
7963;0.000000;182229
7964;-0.001526;182230
7965;-0.001526;182231
7966;0.000763;182232
7967;-0.001526;182233
7968;0.001526;182234
7969;0.008392;182235
7970;0.000000;182236
7971;-0.001526;182237
7972;-0.001526;182238
7973;0.002289;182239
7974;0.007629;182240
7975;-0.006104;182241
7976;-0.007629;182242
7977;-0.001526;182243
7978;-0.001526;182244
7979;-0.001526;182245
7980;-0.001526;182246
7981;0.002289;182247
7982;-0.001526;182248
7983;-0.001526;182249
7984;-0.005341;182250
7985;0.002289;182251
7986;0.003052;182252
7987;-0.001526;182253
7988;0.007629;182254
7989;0.011444;182255
7990;0.001526;182256
7991;-0.002289;182257
7992;0.000000;182258
7993;0.003815;182259
7994;0.001526;182260
7995;0.000763;182261
7996;0.003052;182262
7997;0.008392;182263
7998;0.002289;182264
7999;0.001526;182265
8000;-0.001526;182266
8001;0.001526;182267
8002;0.003815;182268
8003;0.003052;182269
8004;0.001526;182270
8005;0.004578;182271
8006;0.012207;182272
8007;-0.001526;182273
8008;0.001526;182274
8009;0.006866;182275
8010;0.000000;182276
8011;0.000000;182277
8012;-0.001526;182278
8013;0.007629;182279
8014;0.002289;182280
8015;-0.005341;182281
8016;0.000763;182282
8017;0.004578;182283
8018;-0.001526;182284
8019;-0.003815;182285
8020;-0.003815;182286
8021;0.000763;182287
8022;-0.001526;182288
8023;-0.007629;182289
8024;-0.002289;182290
8025;0.000000;182291
8026;-0.001526;182292
8027;-0.005341;182293
8028;-0.003052;182294
8029;0.005341;182295
8030;-0.001526;182296
8031;0.011444;182297
8032;0.005341;182298
8033;-0.001526;182299
8034;0.007629;182300
8035;-0.003815;182301
8036;-0.001526;182302
8037;0.003815;182303
8038;0.003815;182304
8039;-0.006104;182305
8040;-0.003052;182306
8041;-0.003815;182307
8042;0.001526;182308
8043;-0.009918;182309
8044;-0.004578;182310
8045;0.004578;182311
8046;0.003052;182312
8047;-0.002289;182313
8048;-0.003815;182314
8049;0.000763;182315
8050;0.000000;182316
8051;-0.001526;182317
8052;-0.001526;182318
8053;0.009155;182319
8054;-0.001526;182320
8055;-0.001526;182321
8056;0.002289;182322
8057;0.006866;182323
8058;-0.003815;182324
8059;-0.001526;182325
8060;0.001526;182326
8061;0.003815;182327
8062;-0.001526;182328
8063;0.006866;182329
8064;-0.005341;182330
8065;0.001526;182331
8066;0.002289;182332
8067;-0.001526;182333
8068;-0.005341;182334
8069;0.006866;182335
8070;-0.001526;182336
8071;-0.001526;182337
8072;-0.004578;182338
8073;0.004578;182339
8074;-0.001526;182340
8075;-0.001526;182341
8076;-0.002289;182342
8077;0.002289;182343
8078;0.006866;182344
8079;-0.007629;182345
8080;-0.001526;182346
8081;0.000000;182347
8082;0.000763;182348
8083;-0.003052;182349
8084;-0.001526;182350
8085;-0.001526;182351
8086;0.000763;182352
8087;-0.001526;182353
8088;-0.009918;182354
8089;0.001526;182355
8090;0.009155;182356
8091;-0.004578;182357
8092;-0.004578;182358
8093;-0.001526;182359
8094;-0.001526;182360
8095;-0.001526;182361
8096;-0.001526;182362
8097;0.000763;182363
8098;0.003815;182364
8099;0.006866;182365
8100;-0.004578;182366
8101;-0.002289;182367
8102;0.008392;182368
8103;-0.003815;182369
8104;-0.001526;182370
8105;0.001526;182371
8106;0.001526;182372
8107;-0.003052;182373
8108;-0.003815;182374
8109;-0.001526;182375
8110;0.003052;182376
8111;0.001526;182377
8112;-0.016022;182378
8113;-0.001526;182379
8114;0.001526;182380
8115;-0.001526;182381
8116;0.001526;182382
8117;0.002289;182383
8118;0.000763;182384
8119;0.001526;182385
8120;-0.006104;182386
8121;0.003052;182387
8122;0.003815;182388
8123;0.005341;182389
8124;-0.003815;182390
8125;0.007629;182391
8126;0.003815;182392
8127;0.002289;182393
8128;-0.003052;182394
8129;0.005341;182395
8130;0.005341;182396
8131;-0.002289;182397
8132;-0.001526;182398
8133;-0.001526;182399
8134;0.012207;182400
8135;-0.003815;182401
8136;-0.001526;182402
8137;0.001526;182403
8138;0.004578;182404
8139;-0.001526;182405
8140;-0.004578;182406
8141;0.010681;182407
8142;0.007629;182408
8143;-0.001526;182409
8144;-0.001526;182410
8145;-0.002289;182411
8146;0.006866;182412
8147;-0.001526;182413
8148;-0.003815;182414
8149;0.009155;182415
8150;0.003052;182416
8151;-0.001526;182417
8152;-0.001526;182418
8153;-0.002289;182419
8154;0.004578;182420
8155;0.002289;182421
8156;-0.005341;182422
8157;-0.001526;182423
8158;0.008392;182424
8159;-0.003815;182425
8160;-0.001526;182426
8161;0.000763;182427
8162;0.001526;182428
8163;-0.001526;182429
8164;-0.005341;182430
8165;0.003052;182431
8166;-0.001526;182432
8167;0.001526;182433
8168;-0.001526;182434
8169;0.003815;182435
8170;0.001526;182436
8171;0.003815;182437
8172;0.000000;182438
8173;0.000000;182439
8174;-0.001526;182440
8175;0.004578;182441
8176;0.000000;182442
8177;0.005341;182443
8178;0.009155;182444
8179;0.007629;182445
8180;-0.001526;182446
8181;0.003815;182447
8182;-0.001526;182448
8183;0.003052;182449
8184;-0.001526;182450
8185;-0.003052;182451
8186;0.002289;182452
8187;-0.003815;182453
8188;-0.006104;182454
8189;0.000000;182455
8190;0.004578;182456
8191;-0.001526;182457
8192;0.002289;182458
8193;0.002289;182459
8194;0.005341;182460
8195;0.003052;182461
8196;0.000763;182462
8197;0.000000;182463
8198;0.010681;182464
8199;-0.003052;182465
8200;-0.001526;182466
8201;0.003052;182467
8202;0.003815;182468
8203;0.007629;182469
8204;0.000763;182470
8205;-0.001526;182471
8206;0.001526;182472
8207;-0.002289;182473
8208;-0.001526;182474
8209;-0.001526;182475
8210;-0.001526;182476
8211;0.000763;182477
8212;-0.008392;182478
8213;-0.001526;182479
8214;0.003052;182480
8215;0.002289;182481
8216;0.000763;182482
8217;-0.012207;182483
8218;0.004578;182484
8219;0.002289;182485
8220;0.001526;182486
8221;0.003815;182487
8222;0.003815;182488
8223;0.005341;182489
8224;-0.001526;182490
8225;0.001526;182491
8226;0.005341;182492
8227;-0.005341;182493
8228;0.003052;182494
8229;-0.004578;182495
8230;-0.001526;182496
8231;-0.001526;182497
8232;-0.001526;182498
8233;-0.005341;182499
8234;0.008392;182500
8235;-0.004578;182501
8236;-0.001526;182502
8237;-0.001526;182503
8238;-0.001526;182504
8239;0.002289;182505
8240;-0.003815;182506
8241;0.001526;182507
8242;-0.001526;182508
8243;0.006866;182509
8244;-0.001526;182510
8245;0.002289;182511
8246;0.006866;182512
8247;0.006866;182513
8248;0.000763;182514
8249;0.002289;182515
8250;0.003815;182516
8251;-0.001526;182517
8252;0.000763;182518
8253;0.001526;182519
8254;-0.001526;182520
8255;-0.002289;182521
8256;-0.006104;182522
8257;-0.002289;182523
8258;0.003815;182524
8259;-0.001526;182525
8260;-0.006104;182526
8261;0.008392;182527
8262;0.006866;182528
8263;-0.001526;182529
8264;-0.001526;182530
8265;0.000763;182531
8266;0.001526;182532
8267;0.001526;182533
8268;-0.005341;182534
8269;0.007629;182535
8270;0.000763;182536
8271;0.002289;182537
8272;-0.003052;182538
8273;0.003815;182539
8274;0.005341;182540
8275;0.000763;182541
8276;-0.002289;182542
8277;-0.001526;182543
8278;0.003815;182544
8279;-0.003815;182545
8280;-0.001526;182546
8281;-0.001526;182547
8282;-0.001526;182548
8283;0.004578;182549
8284;-0.003052;182550
8285;-0.001526;182551
8286;-0.001526;182552
8287;-0.001526;182553
8288;-0.002289;182554
8289;-0.001526;182555
8290;0.000763;182556
8291;-0.004578;182557
8292;0.004578;182558
8293;0.003815;182559
8294;0.005341;182560
8295;0.000763;182561
8296;-0.001526;182562
8297;0.003815;182563
8298;0.001526;182564
8299;-0.003052;182565
8300;-0.003815;182566
8301;0.009155;182567
8302;-0.001526;182568
8303;-0.001526;182569
8304;-0.001526;182570
8305;-0.003052;182571
8306;0.003052;182572
8307;-0.002289;182573
8308;-0.001526;182574
8309;-0.001526;182575
8310;0.002289;182576
8311;-0.003052;182577
8312;-0.002289;182578
8313;0.000000;182579
8314;-0.003052;182580
8315;0.006866;182581
8316;-0.003052;182582
8317;0.003815;182583
8318;0.006866;182584
8319;-0.009918;182585
8320;0.000000;182586
8321;0.003815;182587
8322;0.005341;182588
8323;-0.001526;182589
8324;0.003815;182590
8325;0.001526;182591
8326;-0.003052;182592
8327;0.004578;182593
8328;-0.001526;182594
8329;-0.002289;182595
8330;0.005341;182596
8331;0.004578;182597
8332;-0.002289;182598
8333;0.004578;182599
8334;0.001526;182600
8335;0.001526;182601
8336;0.001526;182602
8337;0.001526;182603
8338;0.005341;182604
8339;-0.003052;182605
8340;0.003052;182606
8341;0.002289;182607
8342;0.001526;182608
8343;-0.004578;182609
8344;-0.007629;182610
8345;-0.001526;182611
8346;-0.001526;182612
8347;-0.001526;182613
8348;-0.006104;182614
8349;0.001526;182615
8350;0.005341;182616
8351;-0.004578;182617
8352;-0.005341;182618
8353;0.002289;182619
8354;0.003815;182620
8355;-0.001526;182621
8356;0.000000;182622
8357;0.003052;182623
8358;-0.001526;182624
8359;-0.003052;182625
8360;-0.004578;182626
8361;-0.001526;182627
8362;0.005341;182628
8363;-0.001526;182629
8364;-0.003052;182630
8365;0.005341;182631
8366;0.000000;182632
8367;-0.001526;182633
8368;-0.001526;182634
8369;0.000763;182635
8370;0.005341;182636
8371;0.001526;182637
8372;-0.001526;182638
8373;0.000000;182639
8374;0.000000;182640
8375;0.001526;182641
8376;-0.001526;182642
8377;-0.004578;182643
8378;-0.001526;182644
8379;-0.002289;182645
8380;0.002289;182646
8381;0.003815;182647
8382;0.000000;182648
8383;-0.001526;182649
8384;0.004578;182650
8385;-0.003052;182651
8386;0.004578;182652
8387;0.005341;182653
8388;-0.001526;182654
8389;0.000763;182655
8390;0.002289;182656
8391;-0.002289;182657
8392;-0.001526;182658
8393;-0.001526;182659
8394;0.003815;182660
8395;-0.004578;182661
8396;-0.003815;182662
8397;0.003052;182663
8398;0.005341;182664
8399;-0.001526;182665
8400;-0.001526;182666
8401;0.005341;182667
8402;0.001526;182668
8403;0.001526;182669
8404;-0.001526;182670
8405;0.002289;182671
8406;0.003052;182672
8407;0.000000;182673
8408;0.004578;182674
8409;-0.001526;182675
8410;-0.001526;182676
8411;-0.001526;182677
8412;-0.001526;182678
8413;-0.001526;182679
8414;-0.001526;182680
8415;0.002289;182681
8416;-0.003052;182682
8417;-0.002289;182683
8418;0.008392;182684
8419;0.000000;182685
8420;0.003815;182686
8421;-0.001526;182687
8422;0.003815;182688
8423;-0.002289;182689
8424;-0.001526;182690
8425;-0.001526;182691
8426;0.000000;182692
8427;0.000000;182693
8428;-0.001526;182694
8429;0.002289;182695
8430;0.009918;182696
8431;0.000000;182697
8432;-0.001526;182698
8433;0.008392;182699
8434;0.005341;182700
8435;-0.001526;182701
8436;0.002289;182702
8437;-0.001526;182703
8438;0.006866;182704
8439;-0.001526;182705
8440;-0.002289;182706
8441;0.008392;182707
8442;-0.006104;182708
8443;0.000763;182709
8444;0.002289;182710
8445;0.001526;182711
8446;0.003052;182712
8447;-0.007629;182713
8448;0.003815;182714
8449;0.000000;182715
8450;0.000763;182716
8451;-0.003052;182717
8452;0.000763;182718
8453;0.004578;182719
8454;0.001526;182720
8455;-0.001526;182721
8456;-0.001526;182722
8457;0.000000;182723
8458;-0.001526;182724
8459;0.001526;182725
8460;-0.001526;182726
8461;-0.001526;182727
8462;-0.007629;182728
8463;-0.001526;182729
8464;0.004578;182730
8465;-0.003815;182731
8466;0.003052;182732
8467;0.002289;182733
8468;0.002289;182734
8469;-0.001526;182735
8470;0.002289;182736
8471;-0.003815;182737
8472;0.005341;182738
8473;0.007629;182739
8474;-0.006104;182740
8475;-0.001526;182741
8476;-0.001526;182742
8477;0.003815;182743
8478;-0.001526;182744
8479;-0.006104;182745
8480;0.000763;182746
8481;0.004578;182747
8482;-0.002289;182748
8483;-0.004578;182749
8484;0.007629;182750
8485;-0.001526;182751
8486;-0.001526;182752
8487;-0.001526;182753
8488;-0.001526;182754
8489;0.008392;182755
8490;-0.004578;182756
8491;0.001526;182757
8492;0.001526;182758
8493;-0.001526;182759
8494;-0.001526;182760
8495;-0.001526;182761
8496;-0.002289;182762
8497;0.006866;182763
8498;0.003815;182764
8499;-0.006104;182765
8500;0.000763;182766
8501;-0.003815;182767
8502;-0.001526;182768
8503;-0.002289;182769
8504;0.001526;182770
8505;-0.001526;182771
8506;-0.002289;182772
8507;0.000000;182773
8508;0.002289;182774
8509;0.003815;182775
8510;0.000000;182776
8511;-0.001526;182777
8512;0.004578;182778
8513;-0.001526;182779
8514;-0.001526;182780
8515;0.009155;182781
8516;-0.001526;182782
8517;0.000763;182783
8518;-0.001526;182784
8519;-0.001526;182785
8520;0.009155;182786
8521;0.005341;182787
8522;-0.005341;182788
8523;0.002289;182789
8524;0.003052;182790
8525;0.001526;182791
8526;0.003052;182792
8527;-0.001526;182793
8528;0.001526;182794
8529;0.000000;182795
8530;0.002289;182796
8531;0.004578;182797
8532;0.001526;182798
8533;-0.001526;182799
8534;0.000000;182800
8535;-0.001526;182801
8536;0.002289;182802
8537;-0.001526;182803
8538;-0.002289;182804
8539;0.006866;182805
8540;-0.001526;182806
8541;-0.001526;182807
8542;-0.001526;182808
8543;0.005341;182809
8544;0.000000;182810
8545;-0.001526;182811
8546;-0.001526;182812
8547;0.003815;182813
8548;0.005341;182814
8549;-0.003052;182815
8550;-0.003815;182816
8551;0.014496;182817
8558;-0.001526;182824
8566;0.000000;182832
8573;-0.006104;182839
8580;0.000000;182846
8587;-0.003815;182853
8594;0.009155;182860
8601;-0.003815;182867
8609;-0.006104;182875
8617;-0.004578;182883
8625;0.003052;182891
8633;0.002289;182899
8641;-0.001526;182907
8649;0.003815;182915
8657;0.000000;182923
8665;-0.001526;182931
8672;-0.001526;182938
8681;-0.001526;182947
8689;-0.001526;182955
8697;-0.003052;182963
8705;-0.004578;182971
8713;-0.001526;182979
8722;0.002289;182988
8730;-0.001526;182996
8738;1.889801;183004
8745;1.612854;183011
8752;1.384735;183018
8760;1.159668;183026
8767;0.981140;183033
8774;0.846100;183040
8781;0.725555;183047
8788;0.623322;183054
8795;0.537109;183061
8802;0.461578;183068
8810;0.384521;183076
8817;0.335693;183083
8824;0.285339;183090
8831;0.249481;183097
8838;0.223541;183104
8845;0.187683;183111
8853;0.162506;183119
8860;0.140381;183126
8867;0.125885;183133
8875;0.101471;183141
8882;0.099945;183148
8890;0.083160;183156
8897;0.064087;183163
8904;0.050354;183170
8911;0.051117;183177
8918;0.048828;183184
8925;0.042725;183191
8932;0.032806;183198
8940;0.032043;183206
8947;0.028229;183213
8954;0.029755;183220
8962;0.025177;183228
8969;0.024414;183235
8976;0.021362;183242
8983;0.021362;183249
8990;0.015259;183256
8997;0.010681;183263
9004;0.010681;183270
9012;0.012207;183278
9019;0.016022;183285
9027;0.007629;183293
9035;0.013733;183301
9042;0.003815;183308
9050;0.009155;183316
9057;0.008392;183323
9064;0.006866;183330
9071;0.009918;183337
9079;0.001526;183345
9086;0.006866;183352
9093;-0.001526;183359
9100;0.005341;183366
9107;0.008392;183373
9114;0.016022;183380
9122;0.005341;183388
9129;0.001526;183395
9136;0.003815;183402
9143;-0.001526;183409
9150;0.003052;183416
9157;0.002289;183423
9165;-0.002289;183431
9172;0.002289;183438
9179;0.016022;183445
9186;0.009155;183452
9193;0.006866;183459
9201;0.000763;183467
9208;-0.001526;183474
9215;0.000000;183481
9222;0.006866;183488
9229;0.001526;183495
9236;0.004578;183502
9243;0.001526;183509
9250;0.009155;183516
9257;0.003052;183523
9264;0.002289;183530
9271;0.002289;183537
9278;0.002289;183544
9285;0.006866;183551
9292;0.008392;183558
9299;0.003815;183565
9306;0.000000;183572
9313;0.003815;183579
9320;-0.001526;183586
9327;0.003815;183593
9334;0.009155;183600
9341;0.006866;183607
9348;-0.001526;183614
9356;0.005341;183622
9363;0.006866;183629
9370;0.003815;183636
9377;0.004578;183643
9384;-0.007629;183650
9392;0.009155;183658
9399;0.007629;183665
9406;0.002289;183672
9413;-0.001526;183679
9420;0.004578;183686
9427;-0.001526;183693
9434;0.003052;183700
9441;0.009155;183707
9448;-0.001526;183714
9455;0.005341;183721
9462;0.003815;183728
9469;0.001526;183735
9476;0.002289;183742
9483;-0.001526;183749
9490;0.000763;183756
9498;-0.001526;183764
9505;0.006866;183771
9513;0.010681;183779
9520;0.002289;183786
9528;0.005341;183794
9535;-0.001526;183801
9542;0.000000;183808
9549;-0.001526;183815
9556;-0.001526;183822
9563;-0.001526;183829
9571;0.004578;183837
9578;0.001526;183844
9585;0.005341;183851
9592;0.000763;183858
9600;0.004578;183866
9607;-0.010681;183873
9614;-0.005341;183880
9621;-0.001526;183887
9628;-0.001526;183894
9635;0.003052;183901
9642;-0.001526;183908
9649;0.000763;183915
9656;0.004578;183922
9663;0.001526;183929
9670;-0.001526;183936
9677;-0.001526;183943
9684;0.003815;183950
9691;0.000000;183957
9698;0.060272;183964
9705;-0.001526;183971
9712;0.001526;183978
9719;0.001526;183985
9726;0.000763;183992
9734;-0.012970;184000
9741;-0.004578;184007
9748;-0.001526;184014
9755;0.000763;184021
9762;0.000763;184028
9769;-0.005341;184035
9776;-0.001526;184042
9783;-0.002289;184049
9790;-0.007629;184056
9797;-0.001526;184063
9804;-0.002289;184070
9811;-0.002289;184077
9818;-0.003052;184084
9825;-0.006104;184091
9832;-0.004578;184098
9839;0.000763;184105
9846;-0.007629;184112
9853;0.001526;184119
9860;-0.001526;184126
9867;0.001526;184133
9874;-0.003052;184140
9881;-0.001526;184147
9888;0.003815;184154
9895;-0.003815;184161
9902;-0.004578;184168
9909;0.000000;184175
9916;-0.001526;184182
9923;-0.001526;184189
9930;-0.001526;184196
9937;-0.003052;184203
9944;-0.002289;184210
9951;-0.001526;184217
9958;-0.004578;184224
9965;-0.005341;184231
9972;-0.001526;184238
9979;0.003815;184245
9986;-0.001526;184252
9993;-0.001526;184259
10000;0.003052;184266
10007;-0.001526;184273
10014;0.000000;184280
10021;-0.007629;184287
10029;0.003052;184295
10036;-0.004578;184302
10043;-0.006104;184309
10050;0.005341;184316
10057;0.003815;184323
10065;-0.001526;184331
10072;-0.001526;184338
10079;-0.002289;184345
10086;-0.001526;184352
10093;-0.003052;184359
10100;-0.001526;184366
10107;-0.008392;184373
10114;0.000763;184380
10121;-0.001526;184387
10128;-0.009155;184394
10135;-0.008392;184401
10142;0.000763;184408
10150;-0.003052;184416
10157;-0.001526;184423
10164;-0.003815;184430
10171;-0.001526;184437
10178;-0.003815;184444
10185;0.005341;184451
10192;0.000763;184458
10200;-0.001526;184466
10207;-0.001526;184473
10214;-0.008392;184480
10221;-0.001526;184487
10228;-0.004578;184494
10235;-0.004578;184501
10242;-0.002289;184508
10249;-0.002289;184515
10256;-0.001526;184522
10263;-0.001526;184529
10270;-0.005341;184536
10277;-0.002289;184543
10284;-0.002289;184550
10292;0.002289;184558
10299;-0.002289;184565
10306;-0.003815;184572
10313;-0.001526;184579
10320;-0.003052;184586
10327;-0.004578;184593
10334;0.006866;184600
10341;0.002289;184607
10348;0.001526;184614
10355;-0.005341;184621
10362;-0.005341;184628
10369;-0.002289;184635
10376;0.012207;184642
10383;0.000000;184649
10390;-0.005341;184656
10397;-0.001526;184663
10404;0.003052;184670
10411;0.002289;184677
10418;0.001526;184684
10425;0.000763;184691
10432;-0.003052;184698
10439;-0.005341;184705
10446;0.003815;184712
10453;0.005341;184719
10460;-0.001526;184726
10467;-0.001526;184733
10474;0.005341;184740
10481;0.006866;184747
10488;-0.001526;184754
10496;-0.001526;184762
10503;-0.001526;184769
10511;0.001526;184777
10518;0.005341;184784
10525;0.003815;184791
10532;-0.005341;184798
10539;-0.001526;184805
10546;0.003052;184812
10553;-0.001526;184819
10560;-0.001526;184826
10567;0.001526;184833
10574;-0.003815;184840
10581;0.003815;184847
10588;-0.003052;184854
10595;-0.001526;184861
10602;-0.001526;184868
10609;0.000763;184875
10616;-0.001526;184882
10623;-0.001526;184889
10630;0.005341;184896
10637;0.009155;184903
10644;-0.003815;184910
10651;-0.001526;184917
10658;-0.001526;184924
10665;-0.003815;184931
10672;-0.008392;184938
10679;-0.005341;184945
10686;0.000763;184952
10693;-0.001526;184959
10700;0.001526;184966
10707;0.000763;184973
10714;-0.003815;184980
10721;0.000763;184987
10728;0.000000;184994
10736;0.001526;185002
10743;-0.004578;185009
10751;0.002289;185017
10758;-0.008392;185024
10765;-0.001526;185031
10772;0.007629;185038
10779;0.001526;185045
10786;-0.001526;185052
10793;0.001526;185059
10800;0.006866;185066
10807;-0.001526;185073
10814;-0.001526;185080
10821;0.003815;185087
10828;0.002289;185094
10835;-0.001526;185101
10843;-0.003052;185109
10850;-0.003052;185116
10857;0.009155;185123
10864;-0.001526;185130
10871;0.001526;185137
10878;-0.001526;185144
10885;-0.001526;185151
10892;0.008392;185158
10899;0.004578;185165
10906;-0.003052;185172
10913;0.006866;185179
10920;0.003815;185186
10927;0.004578;185193
10934;-0.001526;185200
10941;-0.006104;185207
10948;0.004578;185214
10955;0.000763;185221
10962;-0.002289;185228
10969;0.007629;185235
10976;0.004578;185242
10983;-0.001526;185249
10990;-0.001526;185256
10997;-0.001526;185263
11004;0.003815;185270
11011;0.009155;185277
11018;-0.005341;185284
11025;0.007629;185291
11032;0.009918;185298
11039;0.004578;185305
11046;-0.001526;185312
11053;0.003052;185319
11060;0.002289;185326
11067;-0.002289;185333
11074;0.005341;185340
11081;0.005341;185347
11088;0.005341;185354
11095;0.001526;185361
11102;0.003052;185368
11109;0.004578;185375
11116;-0.001526;185382
11123;-0.001526;185389
11130;0.001526;185396
11137;-0.001526;185403
11144;0.000763;185410
11151;-0.004578;185417
11158;0.004578;185424
11165;0.006866;185431
11172;-0.001526;185438
11179;-0.003815;185445
11187;-0.001526;185453
11194;0.005341;185460
11201;-0.001526;185467
11208;-0.005341;185474
11215;-0.001526;185481
11222;0.004578;185488
11229;0.004578;185495
11236;0.001526;185502
11243;-0.001526;185509
11250;0.001526;185516
11257;-0.001526;185523
11264;-0.002289;185530
11271;0.004578;185537
11278;0.003815;185544
11285;0.006866;185551
11292;-0.001526;185558
11299;-0.001526;185565
11306;0.000000;185572
11313;-0.001526;185579
11320;-0.001526;185586
11327;-0.001526;185593
11334;-0.005341;185600
11341;-0.001526;185607
11348;0.003815;185614
11355;0.000000;185621
11362;-0.002289;185628
11369;-0.001526;185635
11376;-0.001526;185642
11383;-0.001526;185649
11390;0.006866;185656
11397;0.001526;185663
11404;-0.006104;185670
11411;0.000763;185677
11418;-0.001526;185684
11425;0.003052;185691
11432;-0.001526;185698
11439;0.001526;185705
11446;0.003815;185712
11453;0.004578;185719
11460;-0.003052;185726
11467;-0.001526;185733
11474;0.008392;185740
11481;0.000000;185747
11488;0.007629;185754
11495;-0.001526;185761
11502;0.001526;185768
11509;-0.001526;185775
11516;-0.004578;185782
11523;0.000763;185789
11530;0.006866;185796
11537;-0.001526;185803
11544;-0.001526;185810
11551;-0.001526;185817
11558;0.002289;185824
11565;0.003815;185831
11572;0.001526;185838
11579;-0.002289;185845
11586;-0.001526;185852
11593;-0.001526;185859
11600;0.000763;185866
11607;0.002289;185873
11614;0.006866;185880
11621;0.001526;185887
11628;-0.001526;185894
11635;-0.001526;185901
11642;0.002289;185908
11649;0.003052;185915
11656;0.003815;185922
11663;0.000763;185929
