ID;VALUE;TIMESTAMP
0;414.978027;53199
1;414.886475;53200
2;414.916992;53201
3;414.825439;53202
4;415.191650;53203
5;414.916992;53204
6;415.161133;53205
7;414.886475;53206
8;415.008545;53207
9;414.978027;53208
10;414.978027;53209
11;415.252686;53210
12;414.978027;53211
13;414.855957;53212
14;414.825439;53213
15;415.039063;53214
16;415.008545;53215
17;415.039063;53216
18;415.130615;53217
19;415.008545;53218
20;414.794922;53219
21;415.100098;53220
22;415.130615;53221
23;414.825439;53222
24;415.069580;53223
25;415.161133;53224
26;414.886475;53225
27;415.100098;53226
28;414.916992;53227
29;414.886475;53228
30;414.978027;53229
31;414.916992;53230
32;415.100098;53231
33;415.008545;53232
34;414.794922;53233
35;415.008545;53234
36;415.039063;53235
37;415.100098;53236
38;415.008545;53237
39;414.886475;53238
40;415.039063;53239
41;414.855957;53240
42;414.916992;53241
43;414.916992;53242
44;415.161133;53243
45;415.039063;53244
46;414.916992;53245
47;415.161133;53246
48;415.008545;53247
49;414.855957;53248
50;414.855957;53249
51;414.764404;53250
52;415.039063;53251
53;415.008545;53252
54;414.855957;53253
55;415.008545;53254
56;415.008545;53255
57;415.130615;53256
58;414.916992;53257
59;414.886475;53258
60;414.916992;53259
61;414.916992;53260
62;415.039063;53261
63;415.100098;53262
64;415.191650;53263
65;414.916992;53264
66;414.764404;53265
67;414.886475;53266
68;414.916992;53267
69;415.039063;53268
70;415.161133;53269
71;415.069580;53270
72;415.039063;53271
73;414.916992;53272
74;415.161133;53273
75;414.703369;53274
76;414.916992;53275
77;415.039063;53276
78;415.039063;53277
79;415.069580;53278
80;414.916992;53279
81;415.069580;53280
82;415.008545;53281
83;414.886475;53282
84;414.916992;53283
85;414.886475;53284
86;415.008545;53285
87;415.008545;53286
88;414.978027;53287
89;415.008545;53288
90;415.008545;53289
91;414.886475;53290
92;415.161133;53291
93;415.008545;53292
94;414.978027;53293
95;415.130615;53294
96;415.039063;53295
97;414.916992;53296
98;414.886475;53297
99;414.978027;53298
100;415.100098;53299
101;415.039063;53300
102;415.100098;53301
103;415.069580;53302
104;414.916992;53303
105;415.008545;53304
106;414.916992;53305
107;414.825439;53306
108;415.069580;53307
109;415.069580;53308
110;414.855957;53309
111;414.886475;53310
112;414.764404;53311
113;415.100098;53312
114;415.069580;53313
115;415.100098;53314
116;414.855957;53315
117;414.794922;53316
118;415.069580;53317
119;414.916992;53318
120;414.855957;53319
121;415.100098;53320
122;415.008545;53321
123;414.886475;53322
124;414.794922;53323
125;415.039063;53324
126;415.252686;53325
127;415.069580;53326
128;414.978027;53327
129;415.069580;53328
130;415.100098;53329
131;415.039063;53330
132;414.978027;53331
133;414.886475;53332
134;415.069580;53333
135;414.886475;53334
136;415.252686;53335
137;415.069580;53336
138;414.978027;53337
139;415.008545;53338
140;414.764404;53339
141;414.855957;53340
142;414.825439;53341
143;415.039063;53342
144;415.130615;53343
145;414.886475;53344
146;415.069580;53345
147;414.978027;53346
148;415.100098;53347
149;414.886475;53348
150;415.039063;53349
151;415.100098;53350
152;415.039063;53351
153;415.039063;53352
154;414.916992;53353
155;414.916992;53354
156;415.008545;53355
157;414.855957;53356
158;414.916992;53357
159;414.825439;53358
160;415.039063;53359
161;415.283203;53360
162;415.039063;53361
163;415.161133;53362
164;414.978027;53363
165;414.794922;53364
166;414.825439;53365
167;414.825439;53366
168;415.008545;53367
169;415.161133;53368
170;415.039063;53369
171;415.069580;53370
172;414.825439;53371
173;414.886475;53372
174;414.886475;53373
175;414.886475;53374
176;414.916992;53375
177;415.008545;53376
178;414.916992;53377
179;414.825439;53378
180;414.916992;53379
181;414.733887;53380
182;414.855957;53381
183;415.008545;53382
184;415.283203;53383
185;414.886475;53384
186;414.916992;53385
187;415.008545;53386
188;414.855957;53387
189;415.069580;53388
190;415.069580;53389
191;415.069580;53390
192;414.794922;53391
193;414.916992;53392
194;414.978027;53393
195;414.978027;53394
196;414.855957;53395
197;414.855957;53396
198;415.039063;53397
199;415.008545;53398
200;414.886475;53399
201;414.978027;53400
202;415.130615;53401
203;414.855957;53402
204;415.039063;53403
205;415.100098;53404
206;415.161133;53405
207;414.855957;53406
208;415.039063;53407
209;415.039063;53408
210;415.039063;53409
211;415.008545;53410
212;415.161133;53411
213;415.100098;53412
214;414.886475;53413
215;414.886475;53414
216;414.794922;53415
217;414.916992;53416
218;415.161133;53417
219;415.130615;53418
220;414.855957;53419
221;414.886475;53420
222;415.191650;53421
223;414.916992;53422
224;414.916992;53423
225;414.855957;53424
226;414.978027;53425
227;415.008545;53426
228;414.916992;53427
229;415.008545;53428
230;415.161133;53429
231;415.130615;53430
232;415.008545;53431
233;414.794922;53432
234;415.008545;53433
235;414.825439;53434
236;414.886475;53435
237;415.100098;53436
238;415.039063;53437
239;415.069580;53438
240;415.069580;53439
241;414.886475;53440
242;414.916992;53441
243;415.069580;53442
244;415.008545;53443
245;415.039063;53444
246;415.130615;53445
247;414.916992;53446
248;414.855957;53447
249;414.794922;53448
250;415.008545;53449
251;415.100098;53450
252;415.191650;53451
253;414.916992;53452
254;415.069580;53453
255;414.916992;53454
256;414.978027;53455
257;415.252686;53456
258;415.008545;53457
259;414.886475;53458
260;415.039063;53459
261;415.100098;53460
262;415.130615;53461
263;415.130615;53462
264;415.100098;53463
265;414.886475;53464
266;414.611816;53465
267;414.886475;53466
268;414.886475;53467
269;415.069580;53468
270;415.039063;53469
271;415.069580;53470
272;414.764404;53471
273;414.794922;53472
274;415.008545;53473
275;414.978027;53474
276;415.039063;53475
277;415.008545;53476
278;415.008545;53477
279;414.916992;53478
280;414.978027;53479
281;414.916992;53480
282;414.916992;53481
283;415.069580;53482
284;415.008545;53483
285;414.916992;53484
286;414.916992;53485
287;414.855957;53486
288;414.916992;53487
289;415.161133;53488
290;415.069580;53489
291;415.039063;53490
292;415.008545;53491
293;414.794922;53492
294;414.855957;53493
295;414.886475;53494
296;415.039063;53495
297;414.886475;53496
298;415.039063;53497
299;415.039063;53498
300;414.886475;53499
301;415.039063;53500
302;414.916992;53501
303;415.069580;53502
304;415.130615;53503
305;415.008545;53504
306;415.008545;53505
307;414.916992;53506
308;415.039063;53507
309;415.100098;53508
310;414.916992;53509
311;414.855957;53510
312;414.886475;53511
313;415.100098;53512
314;415.039063;53513
315;414.886475;53514
316;415.161133;53515
317;414.825439;53516
318;415.100098;53517
319;414.978027;53518
320;414.978027;53519
321;414.916992;53520
322;415.130615;53521
323;414.978027;53522
324;415.039063;53523
325;415.069580;53524
326;414.886475;53525
327;415.039063;53526
328;414.916992;53527
329;415.008545;53528
330;415.008545;53529
331;415.069580;53530
332;415.039063;53531
333;415.069580;53532
334;414.886475;53533
335;414.855957;53534
336;415.039063;53535
337;414.825439;53536
338;415.161133;53537
339;415.039063;53538
340;415.039063;53539
341;414.916992;53540
342;414.855957;53541
343;414.794922;53542
344;415.008545;53543
345;414.855957;53544
346;415.069580;53545
347;415.252686;53546
348;414.916992;53547
349;414.916992;53548
350;414.978027;53549
351;415.100098;53550
352;415.069580;53551
353;414.978027;53552
354;414.978027;53553
355;415.100098;53554
356;414.978027;53555
357;414.825439;53556
358;414.855957;53557
359;415.039063;53558
360;414.916992;53559
361;415.039063;53560
362;415.069580;53561
363;415.039063;53562
364;414.855957;53563
365;414.855957;53564
366;415.069580;53565
367;414.916992;53566
368;415.161133;53567
369;415.069580;53568
370;415.008545;53569
371;414.916992;53570
372;414.916992;53571
373;414.825439;53572
374;414.886475;53573
375;415.008545;53574
376;415.008545;53575
377;415.069580;53576
378;415.039063;53577
379;415.130615;53578
380;415.039063;53579
381;414.886475;53580
382;415.069580;53581
383;415.069580;53582
384;414.978027;53583
385;415.039063;53584
386;415.100098;53585
387;414.855957;53586
388;414.825439;53587
389;414.825439;53588
390;414.978027;53589
391;414.978027;53590
392;414.916992;53591
393;415.130615;53592
394;415.100098;53593
395;414.916992;53594
396;414.978027;53595
397;415.100098;53596
398;414.978027;53597
399;415.039063;53598
400;415.069580;53599
401;414.825439;53600
402;415.039063;53601
403;415.069580;53602
404;415.069580;53603
405;415.191650;53604
406;414.916992;53605
407;414.733887;53606
408;414.703369;53607
409;414.825439;53608
410;414.978027;53609
411;415.283203;53610
412;414.978027;53611
413;415.069580;53612
414;414.886475;53613
415;414.855957;53614
416;414.794922;53615
417;414.825439;53616
418;414.855957;53617
419;414.825439;53618
420;414.886475;53619
421;415.161133;53620
422;414.978027;53621
423;415.039063;53622
424;414.825439;53623
425;415.039063;53624
426;415.130615;53625
427;414.855957;53626
428;415.100098;53627
429;415.130615;53628
430;415.069580;53629
431;414.855957;53630
432;414.886475;53631
433;415.039063;53632
434;415.069580;53633
435;415.100098;53634
436;415.039063;53635
437;415.069580;53636
438;415.008545;53637
439;415.191650;53638
440;415.039063;53639
441;415.161133;53640
442;415.069580;53641
443;414.886475;53642
444;415.008545;53643
445;414.916992;53644
446;415.100098;53645
447;415.069580;53646
448;414.916992;53647
449;415.130615;53648
450;415.008545;53649
451;415.039063;53650
452;414.825439;53651
453;414.825439;53652
454;414.886475;53653
455;415.100098;53654
456;415.069580;53655
457;414.978027;53656
458;414.733887;53657
459;415.039063;53658
460;415.130615;53659
461;414.855957;53660
462;415.039063;53661
463;415.130615;53662
464;414.978027;53663
465;414.794922;53664
466;414.886475;53665
467;414.825439;53666
468;415.191650;53667
469;415.191650;53668
470;414.855957;53669
471;414.916992;53670
472;414.916992;53671
473;414.916992;53672
474;414.825439;53673
475;414.978027;53674
476;415.008545;53675
477;415.008545;53676
478;414.978027;53677
479;415.039063;53678
480;415.008545;53679
481;415.039063;53680
482;415.191650;53681
483;414.916992;53682
484;415.100098;53683
485;415.039063;53684
486;414.916992;53685
487;414.764404;53686
488;414.886475;53687
489;415.039063;53688
490;415.191650;53689
491;415.069580;53690
492;414.886475;53691
493;414.916992;53692
494;414.886475;53693
495;414.916992;53694
496;414.825439;53695
497;414.916992;53696
498;414.825439;53697
499;415.161133;53698
500;415.130615;53699
501;415.008545;53700
502;414.825439;53701
503;415.069580;53702
504;414.825439;53703
505;415.008545;53704
506;415.039063;53705
507;415.313721;53706
508;415.100098;53707
509;415.069580;53708
510;414.855957;53709
511;414.916992;53710
512;415.100098;53711
513;414.825439;53712
514;415.100098;53713
515;414.825439;53714
516;415.039063;53715
517;414.916992;53716
518;414.855957;53717
519;414.886475;53718
520;414.978027;53719
521;414.794922;53720
522;414.916992;53721
523;414.916992;53722
524;415.069580;53723
525;415.100098;53724
526;415.161133;53725
527;415.100098;53726
528;414.886475;53727
529;414.794922;53728
530;414.703369;53729
531;415.039063;53730
532;415.039063;53731
533;415.008545;53732
534;414.916992;53733
535;414.916992;53734
536;415.069580;53735
537;415.161133;53736
538;415.191650;53737
539;414.916992;53738
540;414.764404;53739
541;414.886475;53740
542;415.008545;53741
543;415.130615;53742
544;414.916992;53743
545;415.039063;53744
546;415.008545;53745
547;415.100098;53746
548;414.886475;53747
549;414.886475;53748
550;415.069580;53749
551;414.886475;53750
552;415.069580;53751
553;414.978027;53752
554;415.008545;53753
555;415.130615;53754
556;415.008545;53755
557;415.008545;53756
558;415.069580;53757
559;414.916992;53758
560;414.978027;53759
561;414.794922;53760
562;414.855957;53761
563;414.978027;53762
564;415.008545;53763
565;415.069580;53764
566;415.100098;53765
567;414.978027;53766
568;414.978027;53767
569;414.916992;53768
570;414.978027;53769
571;414.825439;53770
572;414.855957;53771
573;415.069580;53772
574;414.855957;53773
575;414.978027;53774
576;415.069580;53775
577;415.161133;53776
578;414.886475;53777
579;414.886475;53778
580;414.764404;53779
581;414.886475;53780
582;415.039063;53781
583;415.008545;53782
584;415.100098;53783
585;415.008545;53784
586;415.130615;53785
587;415.039063;53786
588;415.039063;53787
589;415.008545;53788
590;414.703369;53789
591;414.978027;53790
592;414.916992;53791
593;415.069580;53792
594;414.886475;53793
595;415.252686;53794
596;415.039063;53795
597;414.916992;53796
598;415.008545;53797
599;414.825439;53798
600;415.100098;53799
601;414.978027;53800
602;414.916992;53801
603;415.069580;53802
604;414.886475;53803
605;414.978027;53804
606;415.100098;53805
607;414.825439;53806
608;414.978027;53807
609;414.825439;53808
610;414.855957;53809
611;415.008545;53810
612;415.130615;53811
613;414.886475;53812
614;414.855957;53813
615;415.069580;53814
616;415.039063;53815
617;415.100098;53816
618;415.039063;53817
619;414.886475;53818
620;414.916992;53819
621;415.008545;53820
622;415.100098;53821
623;415.283203;53822
624;415.008545;53823
625;414.886475;53824
626;415.008545;53825
627;415.100098;53826
628;415.069580;53827
629;415.130615;53828
630;415.100098;53829
631;414.978027;53830
632;414.916992;53831
633;414.794922;53832
634;415.069580;53833
635;414.916992;53834
636;415.161133;53835
637;415.161133;53836
638;415.069580;53837
639;415.069580;53838
640;415.039063;53839
641;414.978027;53840
642;414.794922;53841
643;415.069580;53842
644;415.039063;53843
645;415.008545;53844
646;414.978027;53845
647;414.855957;53846
648;414.916992;53847
649;415.069580;53848
650;415.039063;53849
651;414.855957;53850
652;415.039063;53851
653;415.008545;53852
654;415.069580;53853
655;415.283203;53854
656;415.008545;53855
657;415.008545;53856
658;414.916992;53857
659;414.733887;53858
660;414.855957;53859
661;414.978027;53860
662;414.978027;53861
663;414.916992;53862
664;415.252686;53863
665;415.069580;53864
666;415.161133;53865
667;415.008545;53866
668;415.100098;53867
669;414.916992;53868
670;414.855957;53869
671;414.886475;53870
672;414.916992;53871
673;415.008545;53872
674;415.039063;53873
675;415.039063;53874
676;415.008545;53875
677;414.855957;53876
678;414.825439;53877
679;415.008545;53878
680;415.161133;53879
681;414.886475;53880
682;414.886475;53881
683;415.039063;53882
684;414.916992;53883
685;415.008545;53884
686;414.978027;53885
687;414.886475;53886
688;414.916992;53887
689;414.978027;53888
690;414.916992;53889
691;414.916992;53890
692;415.008545;53891
693;415.069580;53892
694;415.283203;53893
695;414.978027;53894
696;414.794922;53895
697;414.886475;53896
698;415.069580;53897
699;415.069580;53898
700;414.916992;53899
701;415.069580;53900
702;415.130615;53901
703;415.069580;53902
704;414.794922;53903
705;415.008545;53904
706;415.039063;53905
707;415.039063;53906
708;415.008545;53907
709;415.008545;53908
710;415.008545;53909
711;415.191650;53910
712;414.794922;53911
713;415.130615;53912
714;414.825439;53913
715;414.916992;53914
716;414.825439;53915
717;415.161133;53916
718;414.855957;53917
719;415.100098;53918
720;414.794922;53919
721;414.978027;53920
722;414.825439;53921
723;415.008545;53922
724;414.886475;53923
725;415.130615;53924
726;414.855957;53925
727;415.344238;53926
728;415.069580;53927
729;414.916992;53928
730;414.825439;53929
731;414.916992;53930
732;415.069580;53931
733;414.886475;53932
734;415.039063;53933
735;415.191650;53934
736;414.916992;53935
737;414.764404;53936
738;415.008545;53937
739;414.825439;53938
740;415.161133;53939
741;414.855957;53940
742;414.886475;53941
743;415.039063;53942
744;415.161133;53943
745;414.886475;53944
746;414.825439;53945
747;415.008545;53946
748;414.733887;53947
749;414.978027;53948
750;415.161133;53949
751;415.252686;53950
752;414.916992;53951
753;414.886475;53952
754;414.855957;53953
755;414.886475;53954
756;414.978027;53955
757;415.069580;53956
758;415.069580;53957
759;415.069580;53958
760;415.008545;53959
761;414.978027;53960
762;414.855957;53961
763;414.886475;53962
764;414.886475;53963
765;414.978027;53964
766;414.916992;53965
767;414.855957;53966
768;415.008545;53967
769;415.008545;53968
770;414.978027;53969
771;414.825439;53970
772;414.855957;53971
773;415.069580;53972
774;415.161133;53973
775;415.008545;53974
776;415.161133;53975
777;415.252686;53976
778;414.855957;53977
779;414.855957;53978
780;414.886475;53979
781;414.916992;53980
782;415.008545;53981
783;415.008545;53982
784;415.039063;53983
785;414.886475;53984
786;414.978027;53985
787;415.008545;53986
788;415.008545;53987
789;414.978027;53988
790;415.069580;53989
791;414.794922;53990
792;415.008545;53991
793;414.916992;53992
794;415.008545;53993
795;414.825439;53994
796;415.069580;53995
797;415.069580;53996
798;415.069580;53997
799;415.039063;53998
800;415.161133;53999
801;415.039063;54000
802;415.100098;54001
803;415.069580;54002
804;414.794922;54003
805;415.069580;54004
806;414.886475;54005
807;414.855957;54006
808;414.825439;54007
809;414.916992;54008
810;415.191650;54009
811;415.100098;54010
812;415.008545;54011
813;415.039063;54012
814;414.855957;54013
815;414.886475;54014
816;414.886475;54015
817;415.008545;54016
818;415.069580;54017
819;415.008545;54018
820;415.069580;54019
821;415.069580;54020
822;415.008545;54021
823;414.703369;54022
824;414.794922;54023
825;414.886475;54024
826;415.100098;54025
827;415.039063;54026
828;414.978027;54027
829;415.313721;54028
830;415.191650;54029
831;414.978027;54030
832;414.978027;54031
833;414.825439;54032
834;414.978027;54033
835;415.069580;54034
836;414.916992;54035
837;415.008545;54036
838;415.100098;54037
839;415.039063;54038
840;414.978027;54039
841;414.886475;54040
842;414.825439;54041
843;414.886475;54042
844;415.130615;54043
845;415.008545;54044
846;414.916992;54045
847;414.978027;54046
848;415.161133;54047
849;415.039063;54048
850;415.100098;54049
851;414.886475;54050
852;414.855957;54051
853;415.069580;54052
854;415.161133;54053
855;414.916992;54054
856;414.978027;54055
857;415.313721;54056
858;415.039063;54057
859;414.794922;54058
860;414.886475;54059
861;414.916992;54060
862;415.039063;54061
863;414.978027;54062
864;414.916992;54063
865;414.733887;54064
866;415.008545;54065
867;414.978027;54066
868;415.008545;54067
869;414.855957;54068
870;415.008545;54069
871;414.886475;54070
872;415.008545;54071
873;414.855957;54072
874;414.916992;54073
875;414.916992;54074
876;414.886475;54075
877;414.886475;54076
878;414.916992;54077
879;414.978027;54078
880;414.978027;54079
881;414.855957;54080
882;415.130615;54081
883;415.100098;54082
884;414.794922;54083
885;414.764404;54084
886;414.733887;54085
887;414.978027;54086
888;414.764404;54087
889;415.313721;54088
890;414.825439;54089
891;414.886475;54090
892;414.916992;54091
893;415.008545;54092
894;415.008545;54093
895;414.886475;54094
896;414.916992;54095
897;414.978027;54096
898;414.916992;54097
899;415.161133;54098
900;415.069580;54099
901;414.916992;54100
902;414.886475;54101
903;414.916992;54102
904;414.916992;54103
905;414.855957;54104
906;414.916992;54105
907;415.069580;54106
908;415.161133;54107
909;414.855957;54108
910;414.764404;54109
911;415.008545;54110
912;414.978027;54111
913;414.916992;54112
914;414.916992;54113
915;414.855957;54114
916;415.008545;54115
917;415.039063;54116
918;415.008545;54117
919;414.794922;54118
920;415.069580;54119
921;415.008545;54120
922;414.978027;54121
923;415.191650;54122
924;414.978027;54123
925;414.978027;54124
926;414.825439;54125
927;415.039063;54126
928;414.978027;54127
929;415.161133;54128
930;415.008545;54129
931;415.130615;54130
932;414.916992;54131
933;414.916992;54132
934;414.916992;54133
935;414.886475;54134
936;414.886475;54135
937;414.855957;54136
938;415.100098;54137
939;414.794922;54138
940;415.039063;54139
941;415.008545;54140
942;414.855957;54141
943;415.069580;54142
944;414.916992;54143
945;414.886475;54144
946;414.794922;54145
947;415.039063;54146
948;415.161133;54147
949;415.069580;54148
950;415.069580;54149
951;415.069580;54150
952;415.069580;54151
953;415.039063;54152
954;414.916992;54153
955;414.916992;54154
956;415.069580;54155
957;414.642334;54156
958;415.008545;54157
959;414.978027;54158
960;414.978027;54159
961;415.039063;54160
962;414.916992;54161
963;414.855957;54162
964;415.039063;54163
965;415.100098;54164
966;415.069580;54165
967;415.130615;54166
968;415.100098;54167
969;414.794922;54168
970;415.039063;54169
971;415.039063;54170
972;415.008545;54171
973;415.008545;54172
974;414.855957;54173
975;414.825439;54174
976;414.916992;54175
977;414.764404;54176
978;415.191650;54177
979;414.886475;54178
980;414.978027;54179
981;414.916992;54180
982;414.916992;54181
983;414.886475;54182
984;414.825439;54183
985;415.069580;54184
986;414.916992;54185
987;415.008545;54186
988;414.855957;54187
989;415.069580;54188
990;415.069580;54189
991;415.069580;54190
992;414.916992;54191
993;414.886475;54192
994;414.886475;54193
995;414.733887;54194
996;414.978027;54195
997;414.978027;54196
998;415.008545;54197
999;414.886475;54198
1000;415.039063;54199
1001;414.916992;54200
1002;415.008545;54201
1003;415.161133;54202
1004;415.039063;54203
1005;414.916992;54204
1006;414.703369;54205
1007;414.886475;54206
1008;415.100098;54207
1009;414.886475;54208
1010;414.886475;54209
1011;415.191650;54210
1012;415.039063;54211
1013;415.008545;54212
1014;415.008545;54213
1015;415.008545;54214
1016;414.978027;54215
1017;415.069580;54216
1018;414.886475;54217
1019;414.916992;54218
1020;415.313721;54219
1021;414.916992;54220
1022;414.764404;54221
1023;414.886475;54222
1024;415.100098;54223
1025;415.130615;54224
1026;414.916992;54225
1027;415.039063;54226
1028;414.916992;54227
1029;414.794922;54228
1030;415.191650;54229
1031;415.130615;54230
1032;415.008545;54231
1033;415.039063;54232
1034;415.191650;54233
1035;415.069580;54234
1036;415.069580;54235
1037;415.069580;54236
1038;415.039063;54237
1039;415.100098;54238
1040;414.978027;54239
1041;415.039063;54240
1042;414.886475;54241
1043;414.916992;54242
1044;414.825439;54243
1045;414.886475;54244
1046;414.916992;54245
1047;415.039063;54246
1048;414.855957;54247
1049;414.886475;54248
1050;415.008545;54249
1051;415.191650;54250
1052;414.978027;54251
1053;414.916992;54252
1054;415.161133;54253
1055;415.039063;54254
1056;414.855957;54255
1057;415.008545;54256
1058;415.069580;54257
1059;414.916992;54258
1060;415.069580;54259
1061;415.039063;54260
1062;414.916992;54261
1063;415.039063;54262
1064;414.886475;54263
1065;414.916992;54264
1066;414.794922;54265
1067;414.886475;54266
1068;415.008545;54267
1069;415.161133;54268
1070;415.100098;54269
1071;414.794922;54270
1072;414.886475;54271
1073;415.069580;54272
1074;414.978027;54273
1075;415.069580;54274
1076;415.252686;54275
1077;415.161133;54276
1078;414.886475;54277
1079;414.764404;54278
1080;415.008545;54279
1081;414.978027;54280
1082;414.916992;54281
1083;414.978027;54282
1084;415.161133;54283
1085;414.855957;54284
1086;414.825439;54285
1087;414.825439;54286
1088;414.978027;54287
1089;415.039063;54288
1090;415.069580;54289
1091;415.069580;54290
1092;414.794922;54291
1093;414.855957;54292
1094;414.978027;54293
1095;415.130615;54294
1096;415.039063;54295
1097;415.100098;54296
1098;415.100098;54297
1099;414.978027;54298
1100;415.069580;54299
1101;414.855957;54300
1102;415.161133;54301
1103;414.855957;54302
1104;415.039063;54303
1105;414.794922;54304
1106;414.794922;54305
1107;415.039063;54306
1108;414.794922;54307
1109;415.100098;54308
1110;414.916992;54309
1111;415.039063;54310
1112;415.161133;54311
1113;415.100098;54312
1114;414.978027;54313
1115;414.916992;54314
1116;415.100098;54315
1117;414.978027;54316
1118;414.886475;54317
1119;414.886475;54318
1120;415.039063;54319
1121;414.916992;54320
1122;414.764404;54321
1123;414.978027;54322
1124;414.916992;54323
1125;415.069580;54324
1126;415.069580;54325
1127;415.069580;54326
1128;415.008545;54327
1129;414.825439;54328
1130;414.886475;54329
1131;415.008545;54330
1132;415.039063;54331
1133;414.978027;54332
1134;414.855957;54333
1135;415.191650;54334
1136;414.916992;54335
1137;415.100098;54336
1138;414.794922;54337
1139;415.008545;54338
1140;414.825439;54339
1141;415.069580;54340
1142;415.069580;54341
1143;414.978027;54342
1144;414.886475;54343
1145;415.100098;54344
1146;415.191650;54345
1147;414.825439;54346
1148;415.039063;54347
1149;414.886475;54348
1155;414.886475;54354
1163;415.069580;54362
1171;414.978027;54370
1179;414.978027;54378
1186;415.008545;54385
1195;415.069580;54394
1203;415.069580;54402
1211;414.886475;54410
1219;414.794922;54418
1227;414.916992;54426
1235;415.039063;54434
1242;415.008545;54441
1251;414.978027;54450
1258;414.855957;54457
1265;414.916992;54464
1272;415.252686;54471
1281;415.191650;54480
1289;415.069580;54488
1296;414.855957;54495
1303;414.855957;54502
1310;414.855957;54509
1317;414.916992;54516
1326;415.008545;54525
1335;414.916992;54534
1342;415.130615;54541
1350;414.978027;54549
1357;415.069580;54556
1365;415.100098;54564
1372;414.764404;54571
1379;415.039063;54578
1386;415.100098;54585
1393;414.825439;54592
1400;414.825439;54599
1408;414.764404;54607
1417;415.039063;54616
1425;415.008545;54624
1433;414.794922;54632
1440;415.069580;54639
1448;415.008545;54647
1455;415.069580;54654
1462;415.069580;54661
1470;415.069580;54669
1479;415.069580;54678
1486;415.008545;54685
1493;414.825439;54692
1501;414.916992;54700
1509;414.916992;54708
1518;415.130615;54717
1525;414.916992;54724
1532;415.069580;54731
1540;415.100098;54739
1547;414.855957;54746
1554;415.069580;54753
1561;415.069580;54760
1568;415.161133;54767
1575;415.039063;54774
1582;415.008545;54781
1590;415.008545;54789
1598;414.916992;54797
1605;414.978027;54804
1612;415.008545;54811
1619;415.008545;54818
1626;414.825439;54825
1633;414.978027;54832
1640;415.161133;54839
1647;414.916992;54846
1654;415.130615;54853
1661;414.886475;54860
1668;414.916992;54867
1675;415.069580;54874
1682;415.008545;54881
1691;415.130615;54890
1698;415.039063;54897
1706;415.008545;54905
1715;415.039063;54914
1722;414.855957;54921
1729;414.978027;54928
1737;414.825439;54936
1744;414.794922;54943
1751;415.100098;54950
1759;415.039063;54958
1766;414.978027;54965
1774;414.916992;54973
1782;414.978027;54981
1789;414.886475;54988
1797;415.191650;54996
1805;414.855957;55004
1812;414.825439;55011
1819;414.978027;55018
1826;415.069580;55025
1834;415.069580;55033
1844;415.130615;55043
1851;414.978027;55050
1858;415.008545;55057
1865;414.916992;55064
1872;414.855957;55071
1879;414.886475;55078
1887;414.825439;55086
1894;415.008545;55093
1901;415.100098;55100
1908;414.886475;55107
1916;414.978027;55115
1924;415.130615;55123
1931;415.039063;55130
1938;415.008545;55137
1945;415.069580;55144
1952;415.069580;55151
1959;414.978027;55158
1966;414.855957;55165
1973;414.764404;55172
1980;414.794922;55179
1987;414.855957;55186
1994;415.069580;55193
2001;415.039063;55200
2008;415.039063;55207
2015;415.130615;55214
2022;414.978027;55221
2029;415.161133;55228
2037;414.886475;55236
2044;414.886475;55243
2052;414.825439;55251
2060;415.191650;55259
2068;415.008545;55267
2075;414.916992;55274
2082;414.978027;55281
2089;415.039063;55288
2096;414.978027;55295
2104;415.161133;55303
2111;415.008545;55310
2118;415.069580;55317
2125;414.916992;55324
2133;415.069580;55332
2141;414.978027;55340
2148;415.008545;55347
2156;415.100098;55355
2163;415.039063;55362
2170;415.161133;55369
2177;414.886475;55376
2184;415.008545;55383
2191;415.039063;55390
2198;414.703369;55397
2205;414.978027;55404
2212;414.764404;55411
2219;415.039063;55418
2227;414.978027;55426
2236;415.069580;55435
2243;415.008545;55442
2250;414.916992;55449
2258;415.039063;55457
2266;415.039063;55465
2273;415.069580;55472
2280;415.100098;55479
2287;414.916992;55486
2294;415.069580;55493
2302;415.130615;55501
2309;415.069580;55508
2316;415.008545;55515
2323;414.855957;55522
2331;414.886475;55530
2339;415.069580;55538
2346;414.978027;55545
2353;415.100098;55552
2360;415.039063;55559
2367;414.978027;55566
2374;415.161133;55573
2381;415.161133;55580
2388;414.794922;55587
2395;414.794922;55594
2402;414.978027;55601
2409;414.916992;55608
2417;414.855957;55616
2425;414.886475;55624
2432;415.069580;55631
2439;415.100098;55638
2446;415.069580;55645
2453;415.100098;55652
2461;414.916992;55660
2468;414.916992;55667
2475;415.008545;55674
2482;415.191650;55681
2489;415.069580;55688
2496;415.008545;55695
2503;415.039063;55702
2510;414.733887;55709
2517;414.978027;55716
2524;415.161133;55723
2531;415.039063;55730
2539;415.100098;55738
2546;414.916992;55745
2553;414.886475;55752
2560;415.252686;55759
2567;414.978027;55766
2574;414.886475;55773
2581;414.886475;55780
2588;414.916992;55787
2595;414.886475;55794
2602;414.825439;55801
2609;415.161133;55808
2616;415.161133;55815
2623;415.100098;55822
2630;414.916992;55829
2637;414.825439;55836
2644;415.008545;55843
2651;414.855957;55850
2658;414.916992;55857
2665;414.978027;55864
2672;414.886475;55871
2679;414.916992;55878
2686;415.039063;55885
2694;414.886475;55893
2701;414.825439;55900
2708;415.161133;55907
2715;415.069580;55914
2722;414.916992;55921
2729;414.825439;55928
2736;414.978027;55935
2743;415.008545;55942
2750;414.733887;55949
2757;414.916992;55956
2764;415.039063;55963
2771;415.130615;55970
2778;415.008545;55977
2785;414.916992;55984
2792;414.978027;55991
2799;414.916992;55998
2807;414.916992;56006
2814;414.916992;56013
2821;415.008545;56020
2828;415.008545;56027
2835;415.008545;56034
2843;415.069580;56042
2850;415.008545;56049
2857;414.764404;56056
2864;414.855957;56063
2871;415.283203;56070
2878;414.916992;56077
2885;414.794922;56084
2892;415.161133;56091
2899;414.916992;56098
2906;415.191650;56105
2914;415.100098;56113
2921;415.161133;56120
2928;415.069580;56127
2935;414.978027;56134
2942;414.916992;56141
2949;415.039063;56148
2956;414.855957;56155
2963;415.008545;56162
2970;415.100098;56169
2977;414.886475;56176
2984;415.130615;56183
2991;414.794922;56190
2998;415.039063;56197
3005;415.191650;56204
3012;415.069580;56211
3019;414.825439;56218
3026;414.978027;56225
3033;414.978027;56232
3040;415.374756;56239
3047;415.069580;56246
3054;415.069580;56253
3061;415.130615;56260
3068;415.161133;56267
3075;415.069580;56274
3082;415.100098;56281
3089;414.886475;56288
3096;415.039063;56295
3103;414.916992;56302
3110;415.039063;56309
3117;414.733887;56316
3124;414.733887;56323
3131;414.886475;56330
3138;415.008545;56337
3145;414.855957;56344
3152;414.825439;56351
3159;414.855957;56358
3166;415.039063;56365
3173;414.825439;56372
3180;414.855957;56379
3187;415.100098;56386
3194;414.886475;56393
3201;415.008545;56400
3209;415.069580;56408
3216;415.100098;56415
3223;415.130615;56422
3230;415.008545;56429
3237;414.916992;56436
3245;415.008545;56444
3252;415.008545;56451
3259;415.100098;56458
3266;414.916992;56465
3274;414.855957;56473
3281;415.161133;56480
3288;415.008545;56487
3295;414.916992;56494
3302;415.161133;56501
3309;414.825439;56508
3316;415.039063;56515
3323;415.069580;56522
3331;415.191650;56530
3338;414.886475;56537
3345;415.039063;56544
3352;415.008545;56551
3359;415.252686;56558
3366;415.039063;56565
3373;415.191650;56572
3380;415.069580;56579
3387;414.978027;56586
3394;415.130615;56593
3401;415.161133;56600
3408;415.069580;56607
3415;414.764404;56614
3422;415.039063;56621
3430;414.916992;56629
3437;415.039063;56636
3444;415.039063;56643
3451;414.703369;56650
3458;414.886475;56657
3466;414.886475;56665
3473;414.978027;56672
3480;414.825439;56679
3487;414.916992;56686
3494;415.039063;56693
3501;414.886475;56700
3508;415.100098;56707
3515;415.008545;56714
3522;414.825439;56721
3529;415.069580;56728
3536;415.008545;56735
3543;414.978027;56742
3550;414.886475;56749
3557;415.008545;56756
3564;414.916992;56763
3571;414.886475;56770
3578;414.916992;56777
3585;414.978027;56784
3592;415.039063;56791
3599;415.069580;56798
3606;415.100098;56805
3613;415.161133;56812
3620;414.855957;56819
3627;414.978027;56826
3634;414.916992;56833
3641;414.855957;56840
3648;415.069580;56847
3655;415.161133;56854
3662;414.855957;56861
3669;414.886475;56868
3676;415.161133;56875
3683;415.039063;56882
3690;414.703369;56889
3697;415.008545;56896
3704;414.916992;56903
3711;415.008545;56910
3718;415.069580;56917
3725;414.886475;56924
3732;414.886475;56931
3739;414.855957;56938
3746;415.100098;56945
3753;415.008545;56952
3760;415.069580;56959
3767;415.039063;56966
3774;414.916992;56973
3781;415.161133;56980
3788;414.916992;56987
3797;414.978027;56996
3804;415.130615;57003
3811;415.283203;57010
3818;415.039063;57017
3825;414.916992;57024
3832;415.069580;57031
3839;415.130615;57038
3846;414.794922;57045
3853;415.069580;57052
3861;414.886475;57060
3868;415.039063;57067
3875;414.886475;57074
3882;415.130615;57081
3889;415.008545;57088
3896;414.886475;57095
3903;414.794922;57102
3910;415.008545;57109
3917;415.100098;57116
3924;415.100098;57123
3931;414.733887;57130
3938;415.069580;57137
3945;414.794922;57144
3952;414.703369;57151
3959;414.764404;57158
3966;415.039063;57165
3973;414.978027;57172
3980;414.794922;57179
3987;415.008545;57186
3994;414.916992;57193
4001;414.794922;57200
4008;414.978027;57207
4015;415.161133;57214
4022;414.916992;57221
4029;414.916992;57228
4036;414.825439;57235
4043;414.886475;57242
4050;414.855957;57249
4057;414.825439;57256
4064;414.886475;57263
4071;414.855957;57270
4078;414.825439;57277
4085;414.978027;57284
4092;414.916992;57291
4099;415.008545;57298
4106;415.100098;57305
4113;415.039063;57312
4120;414.916992;57319
4127;415.039063;57326
4134;415.100098;57333
4141;414.855957;57340
4148;414.886475;57347
4155;414.733887;57354
4162;415.069580;57361
4169;414.886475;57368
4176;415.069580;57375
4183;414.916992;57382
4190;414.916992;57389
4197;415.008545;57396
4204;415.100098;57403
4211;415.039063;57410
4218;414.916992;57417
4225;414.855957;57424
4232;414.886475;57431
4239;415.069580;57438
4246;414.642334;57445
4253;414.916992;57452
4260;415.069580;57459
4267;415.069580;57466
4274;415.252686;57473
4281;414.886475;57480
4289;415.008545;57488
4296;414.916992;57495
4303;415.100098;57502
4310;414.794922;57509
4317;415.069580;57516
4324;414.886475;57523
4331;415.039063;57530
4338;415.161133;57537
4345;415.039063;57544
4352;414.855957;57551
4359;414.916992;57558
4366;415.100098;57565
4373;415.008545;57572
4380;415.130615;57579
4387;415.069580;57586
4394;415.100098;57593
4401;415.008545;57600
4408;414.764404;57607
4415;415.039063;57614
4422;415.252686;57621
4429;414.855957;57628
4436;415.008545;57635
4443;414.794922;57642
4450;414.916992;57649
4457;415.069580;57656
4464;414.916992;57663
4471;415.008545;57670
4478;415.008545;57677
4485;414.855957;57684
4492;414.978027;57691
4499;415.039063;57698
4506;414.825439;57705
4513;414.916992;57712
4520;414.978027;57719
4527;415.008545;57726
4534;415.008545;57733
4541;414.916992;57740
4548;414.886475;57747
4555;414.978027;57754
4562;414.886475;57761
4569;414.916992;57768
4576;415.039063;57775
4583;414.916992;57782
4590;414.825439;57789
4597;414.825439;57796
4604;415.100098;57803
4611;414.825439;57810
4618;414.916992;57817
4625;415.069580;57824
4632;414.855957;57831
4639;414.916992;57838
4646;414.916992;57845
4653;415.283203;57852
4660;414.978027;57859
4667;414.916992;57866
4674;415.130615;57873
4681;414.703369;57880
4688;415.069580;57887
4695;414.978027;57894
4702;415.100098;57901
4709;415.100098;57908
4716;414.916992;57915
4723;415.008545;57922
4730;415.008545;57929
4737;414.916992;57936
4744;414.764404;57943
4751;415.100098;57950
4758;414.916992;57957
4765;414.855957;57964
4772;414.886475;57971
4779;415.039063;57978
4786;415.008545;57985
4793;415.252686;57992
4800;415.130615;57999
4807;414.825439;58006
4814;415.039063;58013
4821;415.100098;58020
4829;414.886475;58028
4836;414.764404;58035
4843;415.039063;58042
4850;415.039063;58049
4857;415.039063;58056
4864;415.008545;58063
4871;414.855957;58070
4878;415.069580;58077
4885;414.978027;58084
4892;415.069580;58091
4899;414.886475;58098
4906;415.069580;58105
4913;414.916992;58112
4920;415.191650;58119
4927;414.764404;58126
4934;414.916992;58133
4941;415.069580;58140
4948;415.008545;58147
4955;414.916992;58154
4962;414.978027;58161
4969;414.733887;58168
4976;415.069580;58175
4983;415.100098;58182
4990;415.008545;58189
4997;414.764404;58196
5004;414.764404;58203
5011;415.008545;58210
5018;415.130615;58217
5025;414.794922;58224
5032;414.825439;58231
5039;415.130615;58238
5046;414.886475;58245
5053;414.978027;58252
5060;414.825439;58259
5104;415.039063;58303
5111;415.008545;58310
5118;415.008545;58317
5126;414.825439;58325
5133;414.886475;58332
5143;414.916992;58342
5150;414.855957;58349
5157;415.039063;58356
5164;415.130615;58363
5171;415.069580;58370
5178;415.039063;58377
5185;414.886475;58384
5192;414.916992;58391
5199;414.978027;58398
5206;414.978027;58405
5213;415.100098;58412
5220;414.886475;58419
5227;415.252686;58426
5234;415.069580;58433
5241;415.191650;58440
5248;415.008545;58447
5256;415.039063;58455
5263;414.886475;58462
5270;415.069580;58469
5277;414.916992;58476
5284;415.008545;58483
5291;415.130615;58490
5298;415.008545;58497
5310;415.130615;58509
5317;415.100098;58516
5325;415.130615;58524
5332;414.825439;58531
5339;414.916992;58538
5346;415.039063;58545
5353;414.978027;58552
5360;414.855957;58559
5367;414.916992;58566
5374;414.916992;58573
5381;414.855957;58580
5388;415.008545;58587
5395;414.825439;58594
5402;415.130615;58601
5409;414.978027;58608
5416;415.069580;58615
5423;415.008545;58622
5430;414.978027;58629
5437;415.039063;58636
5444;414.916992;58643
5451;415.039063;58650
5458;415.008545;58657
5465;414.978027;58664
5472;415.039063;58671
5479;415.039063;58678
5486;415.100098;58685
5493;415.039063;58692
5500;414.794922;58699
5507;415.161133;58706
5514;415.008545;58713
5521;415.008545;58720
5528;414.886475;58727
5535;415.008545;58734
5542;415.161133;58741
5549;415.008545;58748
5556;414.794922;58755
5563;414.916992;58762
5570;415.130615;58769
5577;414.916992;58776
5584;414.886475;58783
5591;415.100098;58790
5598;415.039063;58797
5605;415.008545;58804
5612;415.100098;58811
5619;414.886475;58818
5626;415.130615;58825
5633;415.069580;58832
5640;414.794922;58839
5647;415.008545;58846
5654;414.916992;58853
5661;415.130615;58860
5668;414.855957;58867
5675;414.978027;58874
5682;415.039063;58881
5689;415.161133;58888
5696;415.100098;58895
5703;415.283203;58902
5710;414.916992;58909
5717;414.855957;58916
5724;415.008545;58923
5731;415.039063;58930
5738;414.978027;58937
5745;414.916992;58944
5752;414.916992;58951
5759;415.008545;58958
5766;414.978027;58965
5773;414.794922;58972
5780;415.039063;58979
5788;414.855957;58987
5795;415.008545;58994
5802;414.764404;59001
5809;414.886475;59008
5816;414.978027;59015
5823;415.039063;59022
5830;415.008545;59029
5837;414.794922;59036
5844;414.978027;59043
5851;414.916992;59050
5858;414.855957;59057
5865;415.100098;59064
5872;415.100098;59071
5879;415.100098;59078
5886;415.008545;59085
5893;415.069580;59092
5900;414.916992;59099
5907;415.283203;59106
5914;415.008545;59113
5921;415.039063;59120
5928;414.794922;59127
5935;415.100098;59134
5942;415.039063;59141
5949;415.100098;59148
5956;415.008545;59155
5963;415.069580;59162
5970;415.100098;59169
5977;414.855957;59176
5984;415.008545;59183
5991;415.039063;59190
5998;414.855957;59197
6005;415.130615;59204
6012;414.764404;59211
6019;415.252686;59218
6026;414.855957;59225
6033;414.916992;59232
6040;414.886475;59239
6047;415.039063;59246
6054;414.855957;59253
6061;414.916992;59260
6068;415.069580;59267
6075;415.069580;59274
6082;415.069580;59281
6089;415.039063;59288
6096;414.794922;59295
6103;414.886475;59302
6110;414.978027;59309
6117;415.130615;59316
6124;414.886475;59323
6131;414.794922;59330
6138;415.039063;59337
6145;415.039063;59344
6152;415.161133;59351
6159;414.855957;59358
6166;415.008545;59365
6173;415.008545;59372
6180;414.916992;59379
6187;414.978027;59386
6194;414.825439;59393
6201;415.130615;59400
6208;415.161133;59407
6215;414.978027;59414
6222;415.069580;59421
6229;414.825439;59428
6236;415.039063;59435
6243;415.069580;59442
6250;414.916992;59449
6257;414.916992;59456
6264;415.039063;59463
6271;414.886475;59470
6278;415.130615;59477
6285;415.191650;59484
6292;414.978027;59491
6299;415.039063;59498
6306;414.886475;59505
6313;415.130615;59512
6320;414.764404;59519
6328;415.100098;59527
6335;414.794922;59534
6342;414.916992;59541
6349;415.130615;59548
6356;414.855957;59555
6363;415.161133;59562
6370;415.008545;59569
6377;415.069580;59576
6384;415.069580;59583
6391;414.916992;59590
6398;415.161133;59597
6405;415.039063;59604
6412;414.794922;59611
6419;414.855957;59618
6426;415.130615;59625
6433;415.008545;59632
6440;415.069580;59639
6447;415.008545;59646
6454;414.916992;59653
6461;415.039063;59660
6468;415.069580;59667
6475;415.069580;59674
6482;414.886475;59681
6489;415.191650;59688
6496;414.916992;59695
6503;415.069580;59702
6510;414.978027;59709
6517;415.008545;59716
6524;414.855957;59723
6531;415.069580;59730
6538;415.008545;59737
6545;415.039063;59744
6552;414.825439;59751
6559;415.069580;59758
6566;415.039063;59765
6573;414.886475;59772
6580;415.008545;59779
6587;415.069580;59786
6594;415.008545;59793
6601;414.855957;59800
6608;415.008545;59807
6615;415.008545;59814
6622;414.916992;59821
6629;415.008545;59828
6636;415.130615;59835
6643;414.886475;59842
6650;414.916992;59849
6657;415.069580;59856
6664;414.978027;59863
6671;415.069580;59870
6678;415.039063;59877
6685;414.916992;59884
6692;415.039063;59891
6699;415.039063;59898
6706;415.069580;59905
6713;415.039063;59912
6720;414.916992;59919
6727;414.978027;59926
6734;415.039063;59933
6741;414.916992;59940
6748;415.069580;59947
6755;414.794922;59954
6762;415.039063;59961
6769;415.161133;59968
6776;414.978027;59975
6783;414.855957;59982
6790;415.069580;59989
6797;415.008545;59996
6804;415.069580;60003
6811;415.069580;60010
6818;414.886475;60017
6825;414.855957;60024
6832;414.916992;60031
6839;414.916992;60038
6846;414.855957;60045
6853;414.794922;60052
6860;415.008545;60059
6867;414.886475;60066
6874;414.886475;60073
6881;415.069580;60080
6888;414.886475;60087
6895;415.039063;60094
6902;415.069580;60101
6909;415.008545;60108
6916;414.794922;60115
6923;414.855957;60122
6930;415.100098;60129
6937;415.191650;60136
6944;415.039063;60143
6951;415.008545;60150
6958;414.855957;60157
6965;415.069580;60164
6972;414.978027;60171
6979;414.978027;60178
7001;415.069580;60200
7008;415.008545;60207
7016;415.008545;60215
7023;415.039063;60222
7030;414.886475;60229
7037;414.978027;60236
7044;414.978027;60243
7051;415.069580;60250
7058;414.978027;60257
7065;414.978027;60264
7072;414.886475;60271
7079;415.039063;60278
7086;415.069580;60285
7093;414.886475;60292
7100;415.008545;60299
7107;414.916992;60306
7114;415.069580;60313
7121;415.039063;60320
7128;414.916992;60327
7135;414.916992;60334
7142;415.008545;60341
7149;415.039063;60348
7156;415.008545;60355
7163;415.039063;60362
7170;414.978027;60369
7177;415.039063;60376
7184;414.978027;60383
7191;414.916992;60390
7198;414.825439;60397
7205;415.161133;60404
7212;415.039063;60411
7219;415.039063;60418
7226;414.916992;60425
7233;415.191650;60432
7240;415.008545;60439
7247;415.069580;60446
7254;415.405273;60453
7264;415.008545;60463
7272;415.008545;60471
7279;415.039063;60478
7286;414.886475;60485
7293;414.794922;60492
7300;415.100098;60499
7307;414.855957;60506
7314;414.825439;60513
7321;415.069580;60520
7328;414.978027;60527
7335;415.130615;60534
7342;414.855957;60541
7349;415.069580;60548
7356;415.039063;60555
7363;414.855957;60562
7370;415.100098;60569
7377;414.886475;60576
7384;414.733887;60583
7391;414.978027;60590
7394;414.978027;181660
7395;414.855957;181661
7396;414.855957;181662
7397;414.855957;181663
7398;414.886475;181664
7399;414.794922;181665
7400;414.978027;181666
7401;415.161133;181667
7402;414.916992;181668
7403;414.794922;181669
7404;415.039063;181670
7405;415.069580;181671
7406;414.825439;181672
7407;414.916992;181673
7408;414.916992;181674
7409;414.978027;181675
7410;415.069580;181676
7411;415.191650;181677
7412;415.008545;181678
7413;414.886475;181679
7414;414.855957;181680
7415;414.916992;181681
7416;414.978027;181682
7417;415.069580;181683
7418;414.916992;181684
7419;415.130615;181685
7420;415.039063;181686
7421;414.978027;181687
7422;414.916992;181688
7423;414.825439;181689
7424;414.916992;181690
7425;414.794922;181691
7426;415.069580;181692
7427;415.039063;181693
7428;414.978027;181694
7429;414.794922;181695
7430;414.916992;181696
7431;414.886475;181697
7432;414.916992;181698
7433;414.825439;181699
7434;414.855957;181700
7435;414.886475;181701
7436;415.008545;181702
7437;414.978027;181703
7438;414.886475;181704
7439;414.886475;181705
7440;414.978027;181706
7441;415.130615;181707
7442;414.886475;181708
7443;414.886475;181709
7444;414.978027;181710
7445;414.978027;181711
7446;415.100098;181712
7447;415.008545;181713
7448;414.855957;181714
7449;415.008545;181715
7450;414.886475;181716
7451;415.008545;181717
7452;414.916992;181718
7453;414.855957;181719
7454;414.733887;181720
7455;415.069580;181721
7456;415.008545;181722
7457;414.886475;181723
7458;415.161133;181724
7459;414.978027;181725
7460;414.916992;181726
7461;414.825439;181727
7462;414.794922;181728
7463;414.978027;181729
7464;414.978027;181730
7465;415.130615;181731
7466;414.978027;181732
7467;414.855957;181733
7468;415.130615;181734
7469;414.978027;181735
7470;414.978027;181736
7471;414.978027;181737
7472;414.978027;181738
7473;414.978027;181739
7474;414.855957;181740
7475;414.916992;181741
7476;415.069580;181742
7477;414.978027;181743
7478;415.100098;181744
7479;415.039063;181745
7480;414.978027;181746
7481;415.039063;181747
7482;414.916992;181748
7483;414.764404;181749
7484;414.978027;181750
7485;415.161133;181751
7486;414.916992;181752
7487;415.100098;181753
7488;415.008545;181754
7489;414.886475;181755
7490;414.794922;181756
7491;414.916992;181757
7492;415.039063;181758
7493;415.039063;181759
7494;414.978027;181760
7495;415.130615;181761
7496;415.039063;181762
7497;414.733887;181763
7498;414.916992;181764
7499;414.916992;181765
7500;415.008545;181766
7501;414.978027;181767
7502;415.039063;181768
7503;414.916992;181769
7504;415.039063;181770
7505;414.916992;181771
7506;414.916992;181772
7507;414.794922;181773
7508;414.855957;181774
7509;414.978027;181775
7510;414.916992;181776
7511;415.069580;181777
7512;415.008545;181778
7513;414.855957;181779
7514;414.825439;181780
7515;415.008545;181781
7516;415.008545;181782
7517;415.130615;181783
7518;415.039063;181784
7519;415.069580;181785
7520;414.825439;181786
7521;415.039063;181787
7522;414.855957;181788
7523;414.764404;181789
7524;414.855957;181790
7525;414.794922;181791
7526;414.978027;181792
7527;415.008545;181793
7528;414.886475;181794
7529;414.886475;181795
7530;414.916992;181796
7531;415.039063;181797
7532;415.008545;181798
7533;415.008545;181799
7534;414.916992;181800
7535;414.916992;181801
7536;415.069580;181802
7537;415.069580;181803
7538;415.039063;181804
7539;415.069580;181805
7540;414.978027;181806
7541;414.916992;181807
7542;414.855957;181808
7543;415.039063;181809
7544;415.008545;181810
7545;414.916992;181811
7546;415.069580;181812
7547;415.039063;181813
7548;415.069580;181814
7549;414.886475;181815
7550;414.916992;181816
7551;415.039063;181817
7552;415.008545;181818
7553;414.916992;181819
7554;415.130615;181820
7555;414.764404;181821
7556;415.008545;181822
7557;414.855957;181823
7558;415.039063;181824
7559;414.886475;181825
7560;414.764404;181826
7561;415.039063;181827
7562;415.100098;181828
7563;414.916992;181829
7564;414.703369;181830
7565;414.794922;181831
7566;414.978027;181832
7567;415.039063;181833
7568;415.161133;181834
7569;414.825439;181835
7570;415.008545;181836
7571;414.886475;181837
7572;415.008545;181838
7573;414.733887;181839
7574;415.008545;181840
7575;414.764404;181841
7576;415.100098;181842
7577;415.039063;181843
7578;415.161133;181844
7579;415.039063;181845
7580;414.886475;181846
7581;415.008545;181847
7582;414.764404;181848
7583;414.916992;181849
7584;415.008545;181850
7585;415.039063;181851
7586;414.916992;181852
7587;414.978027;181853
7588;415.161133;181854
7589;414.886475;181855
7590;415.069580;181856
7591;414.886475;181857
7592;414.916992;181858
7593;414.886475;181859
7594;415.008545;181860
7595;414.978027;181861
7596;415.008545;181862
7597;415.008545;181863
7598;415.008545;181864
7599;414.855957;181865
7600;414.794922;181866
7601;415.069580;181867
7602;415.161133;181868
7603;414.825439;181869
7604;415.039063;181870
7605;414.886475;181871
7606;415.008545;181872
7607;414.886475;181873
7608;414.703369;181874
7609;414.886475;181875
7610;414.886475;181876
7611;414.978027;181877
7612;414.825439;181878
7613;415.039063;181879
7614;415.100098;181880
7615;414.916992;181881
7616;414.764404;181882
7617;415.039063;181883
7618;414.825439;181884
7619;414.886475;181885
7620;414.916992;181886
7621;414.825439;181887
7622;415.069580;181888
7623;415.008545;181889
7624;415.069580;181890
7625;414.978027;181891
7626;414.886475;181892
7627;414.978027;181893
7628;415.039063;181894
7629;415.191650;181895
7630;414.978027;181896
7631;415.191650;181897
7632;414.855957;181898
7633;415.008545;181899
7634;415.069580;181900
7635;414.916992;181901
7636;414.978027;181902
7637;415.069580;181903
7638;414.978027;181904
7639;414.886475;181905
7640;414.916992;181906
7641;414.886475;181907
7642;415.039063;181908
7643;415.283203;181909
7644;414.978027;181910
7645;414.916992;181911
7646;415.069580;181912
7647;415.008545;181913
7648;414.916992;181914
7649;414.794922;181915
7650;414.825439;181916
7651;414.855957;181917
7652;415.008545;181918
7653;415.069580;181919
7654;415.039063;181920
7655;415.161133;181921
7656;415.191650;181922
7657;414.886475;181923
7658;414.978027;181924
7659;414.703369;181925
7660;414.794922;181926
7661;414.855957;181927
7662;415.039063;181928
7663;414.916992;181929
7664;415.069580;181930
7665;415.069580;181931
7666;415.100098;181932
7667;415.100098;181933
7668;414.978027;181934
7669;414.794922;181935
7670;414.794922;181936
7671;414.978027;181937
7672;415.039063;181938
7673;415.130615;181939
7674;414.886475;181940
7675;415.008545;181941
7676;415.130615;181942
7677;414.855957;181943
7678;415.130615;181944
7679;415.008545;181945
7680;414.764404;181946
7681;414.978027;181947
7682;414.916992;181948
7683;414.978027;181949
7684;414.855957;181950
7685;415.069580;181951
7686;414.916992;181952
7687;415.069580;181953
7688;414.916992;181954
7689;415.039063;181955
7690;414.794922;181956
7691;415.039063;181957
7692;414.825439;181958
7693;414.703369;181959
7694;415.069580;181960
7695;415.008545;181961
7696;415.100098;181962
7697;415.039063;181963
7698;415.069580;181964
7699;415.039063;181965
7700;415.130615;181966
7701;415.069580;181967
7702;414.978027;181968
7703;414.978027;181969
7704;415.008545;181970
7705;414.794922;181971
7706;414.825439;181972
7707;415.039063;181973
7708;415.130615;181974
7709;415.100098;181975
7710;414.794922;181976
7711;415.161133;181977
7712;415.069580;181978
7713;414.703369;181979
7714;415.130615;181980
7715;414.886475;181981
7716;415.100098;181982
7717;415.252686;181983
7718;414.794922;181984
7719;415.039063;181985
7720;414.886475;181986
7721;414.978027;181987
7722;414.978027;181988
7723;414.916992;181989
7724;414.916992;181990
7725;414.855957;181991
7726;414.855957;181992
7727;415.008545;181993
7728;414.886475;181994
7729;415.039063;181995
7730;414.978027;181996
7731;414.703369;181997
7732;414.886475;181998
7733;414.886475;181999
7734;415.039063;182000
7735;414.794922;182001
7736;414.764404;182002
7737;415.252686;182003
7738;415.008545;182004
7739;414.916992;182005
7740;414.825439;182006
7741;415.069580;182007
7742;414.794922;182008
7743;414.916992;182009
7744;414.886475;182010
7745;415.100098;182011
7746;414.916992;182012
7747;414.916992;182013
7748;414.794922;182014
7749;414.855957;182015
7750;414.978027;182016
7751;415.130615;182017
7752;414.916992;182018
7753;415.100098;182019
7754;414.855957;182020
7755;415.008545;182021
7756;415.039063;182022
7757;415.069580;182023
7758;414.886475;182024
7759;415.008545;182025
7760;415.039063;182026
7761;415.069580;182027
7762;414.978027;182028
7763;414.978027;182029
7764;415.008545;182030
7765;415.008545;182031
7766;414.855957;182032
7767;414.855957;182033
7768;414.916992;182034
7769;415.008545;182035
7770;414.916992;182036
7771;415.100098;182037
7772;415.008545;182038
7773;414.886475;182039
7774;414.978027;182040
7775;414.855957;182041
7776;415.008545;182042
7777;415.008545;182043
7778;415.008545;182044
7779;414.886475;182045
7780;414.978027;182046
7781;415.130615;182047
7782;414.916992;182048
7783;414.886475;182049
7784;414.764404;182050
7785;415.069580;182051
7786;415.008545;182052
7787;415.069580;182053
7788;414.916992;182054
7789;414.794922;182055
7790;414.978027;182056
7791;415.069580;182057
7792;415.008545;182058
7793;415.039063;182059
7794;414.916992;182060
7795;414.886475;182061
7796;415.008545;182062
7797;415.191650;182063
7798;415.100098;182064
7799;414.855957;182065
7800;415.161133;182066
7801;415.008545;182067
7802;414.886475;182068
7803;414.886475;182069
7804;415.039063;182070
7805;415.008545;182071
7806;415.039063;182072
7807;414.886475;182073
7808;415.161133;182074
7809;415.283203;182075
7810;414.916992;182076
7811;415.039063;182077
7812;414.855957;182078
7813;414.794922;182079
7814;414.916992;182080
7815;414.978027;182081
7816;415.069580;182082
7817;414.978027;182083
7818;415.008545;182084
7819;414.916992;182085
7820;415.161133;182086
7821;414.978027;182087
7822;414.642334;182088
7823;414.978027;182089
7824;414.764404;182090
7825;415.100098;182091
7826;414.916992;182092
7827;415.130615;182093
7828;415.161133;182094
7829;414.916992;182095
7830;414.916992;182096
7831;414.855957;182097
7832;414.978027;182098
7833;415.039063;182099
7834;414.886475;182100
7835;414.916992;182101
7836;414.916992;182102
7837;415.069580;182103
7838;415.100098;182104
7839;415.039063;182105
7840;414.825439;182106
7841;414.825439;182107
7842;414.916992;182108
7843;415.069580;182109
7844;415.069580;182110
7845;415.008545;182111
7846;414.916992;182112
7847;414.916992;182113
7848;414.916992;182114
7849;415.069580;182115
7850;414.886475;182116
7851;415.100098;182117
7852;415.069580;182118
7853;414.886475;182119
7854;414.978027;182120
7855;414.794922;182121
7856;414.886475;182122
7857;415.039063;182123
7858;414.916992;182124
7859;415.069580;182125
7860;415.100098;182126
7861;414.916992;182127
7862;415.039063;182128
7863;414.825439;182129
7864;415.039063;182130
7865;414.916992;182131
7866;415.069580;182132
7867;415.100098;182133
7868;415.161133;182134
7869;414.886475;182135
7870;415.130615;182136
7871;415.069580;182137
7872;415.069580;182138
7873;415.130615;182139
7874;415.039063;182140
7875;414.886475;182141
7876;415.069580;182142
7877;414.916992;182143
7878;414.794922;182144
7879;414.978027;182145
7880;415.161133;182146
7881;414.916992;182147
7882;414.825439;182148
7883;415.069580;182149
7884;414.886475;182150
7885;415.161133;182151
7886;415.069580;182152
7887;415.130615;182153
7888;415.161133;182154
7889;414.855957;182155
7890;414.764404;182156
7891;414.916992;182157
7892;414.886475;182158
7893;414.916992;182159
7894;414.886475;182160
7895;415.039063;182161
7896;415.008545;182162
7897;414.855957;182163
7898;414.825439;182164
7899;415.008545;182165
7900;415.100098;182166
7901;415.069580;182167
7902;414.916992;182168
7903;415.069580;182169
7904;415.039063;182170
7905;414.825439;182171
7906;414.886475;182172
7907;415.069580;182173
7908;414.978027;182174
7909;415.039063;182175
7910;414.825439;182176
7911;414.794922;182177
7912;415.039063;182178
7913;414.794922;182179
7914;414.794922;182180
7915;414.764404;182181
7916;415.039063;182182
7917;415.100098;182183
7918;414.916992;182184
7919;415.039063;182185
7920;414.916992;182186
7921;414.886475;182187
7922;415.008545;182188
7923;415.069580;182189
7924;415.008545;182190
7925;415.039063;182191
7926;415.161133;182192
7927;414.886475;182193
7928;415.100098;182194
7929;415.100098;182195
7930;415.039063;182196
7931;415.039063;182197
7932;414.978027;182198
7933;415.283203;182199
7934;414.825439;182200
7935;414.978027;182201
7936;415.130615;182202
7937;414.916992;182203
7938;414.916992;182204
7939;415.069580;182205
7940;415.008545;182206
7941;414.916992;182207
7942;414.886475;182208
7943;414.764404;182209
7944;415.100098;182210
7945;414.916992;182211
7946;415.161133;182212
7947;415.130615;182213
7948;415.069580;182214
7949;414.916992;182215
7950;414.794922;182216
7951;414.825439;182217
7952;415.069580;182218
7953;415.039063;182219
7954;414.916992;182220
7955;415.039063;182221
7956;415.130615;182222
7957;415.100098;182223
7958;414.978027;182224
7959;414.916992;182225
7960;415.069580;182226
7961;415.100098;182227
7962;414.733887;182228
7963;415.039063;182229
7964;415.161133;182230
7965;415.039063;182231
7966;415.008545;182232
7967;414.916992;182233
7968;415.039063;182234
7969;415.100098;182235
7970;415.130615;182236
7971;415.130615;182237
7972;415.100098;182238
7973;414.916992;182239
7974;414.886475;182240
7975;414.886475;182241
7976;414.855957;182242
7977;414.794922;182243
7978;414.825439;182244
7979;414.978027;182245
7980;415.100098;182246
7981;415.008545;182247
7982;415.130615;182248
7983;414.916992;182249
7984;414.855957;182250
7985;414.794922;182251
7986;414.794922;182252
7987;415.069580;182253
7988;415.100098;182254
7989;414.978027;182255
7990;414.886475;182256
7991;415.191650;182257
7992;415.100098;182258
7993;414.855957;182259
7994;415.008545;182260
7995;414.886475;182261
7996;414.825439;182262
7997;415.069580;182263
7998;414.794922;182264
7999;415.161133;182265
8000;414.855957;182266
8001;415.069580;182267
8002;415.100098;182268
8003;414.978027;182269
8004;415.191650;182270
8005;415.161133;182271
8006;415.069580;182272
8007;414.916992;182273
8008;414.733887;182274
8009;415.069580;182275
8010;414.978027;182276
8011;415.008545;182277
8012;415.100098;182278
8013;415.008545;182279
8014;415.161133;182280
8015;415.069580;182281
8016;414.978027;182282
8017;415.069580;182283
8018;414.794922;182284
8019;414.886475;182285
8020;414.886475;182286
8021;415.100098;182287
8022;414.855957;182288
8023;414.916992;182289
8024;415.100098;182290
8025;415.069580;182291
8026;414.916992;182292
8027;414.886475;182293
8028;414.916992;182294
8029;415.069580;182295
8030;415.130615;182296
8031;414.886475;182297
8032;414.978027;182298
8033;415.008545;182299
8034;415.008545;182300
8035;414.916992;182301
8036;414.794922;182302
8037;414.916992;182303
8038;414.733887;182304
8039;414.855957;182305
8040;415.069580;182306
8041;415.008545;182307
8042;414.978027;182308
8043;415.069580;182309
8044;414.978027;182310
8045;414.978027;182311
8046;414.916992;182312
8047;414.764404;182313
8048;414.886475;182314
8049;414.855957;182315
8050;415.161133;182316
8051;415.191650;182317
8052;414.886475;182318
8053;414.978027;182319
8054;415.008545;182320
8055;415.252686;182321
8056;415.039063;182322
8057;415.130615;182323
8058;415.008545;182324
8059;414.886475;182325
8060;414.916992;182326
8061;415.130615;182327
8062;415.069580;182328
8063;415.008545;182329
8064;415.008545;182330
8065;414.916992;182331
8066;415.191650;182332
8067;414.794922;182333
8068;414.794922;182334
8069;414.855957;182335
8070;414.978027;182336
8071;415.039063;182337
8072;415.039063;182338
8073;415.161133;182339
8074;415.130615;182340
8075;415.008545;182341
8076;415.008545;182342
8077;414.855957;182343
8078;414.855957;182344
8079;414.855957;182345
8080;415.130615;182346
8081;415.252686;182347
8082;415.008545;182348
8083;414.978027;182349
8084;415.008545;182350
8085;415.100098;182351
8086;415.008545;182352
8087;414.733887;182353
8088;414.825439;182354
8089;414.978027;182355
8090;414.794922;182356
8091;414.855957;182357
8092;414.916992;182358
8093;414.916992;182359
8094;414.886475;182360
8095;414.978027;182361
8096;415.161133;182362
8097;414.978027;182363
8098;414.978027;182364
8099;414.886475;182365
8100;415.008545;182366
8101;414.916992;182367
8102;415.313721;182368
8103;414.978027;182369
8104;415.039063;182370
8105;415.100098;182371
8106;415.130615;182372
8107;415.039063;182373
8108;415.161133;182374
8109;415.130615;182375
8110;414.855957;182376
8111;414.733887;182377
8112;414.703369;182378
8113;414.978027;182379
8114;414.855957;182380
8115;415.008545;182381
8116;415.069580;182382
8117;414.916992;182383
8118;415.100098;182384
8119;415.130615;182385
8120;415.161133;182386
8121;414.886475;182387
8122;415.069580;182388
8123;415.069580;182389
8124;415.008545;182390
8125;415.008545;182391
8126;414.764404;182392
8127;414.855957;182393
8128;414.916992;182394
8129;414.916992;182395
8130;415.161133;182396
8131;415.191650;182397
8132;414.794922;182398
8133;414.978027;182399
8134;415.069580;182400
8135;414.916992;182401
8136;415.069580;182402
8137;414.978027;182403
8138;414.978027;182404
8139;415.008545;182405
8140;414.825439;182406
8141;414.886475;182407
8142;414.886475;182408
8143;415.100098;182409
8144;415.039063;182410
8145;414.978027;182411
8146;414.978027;182412
8147;415.252686;182413
8148;415.069580;182414
8149;415.100098;182415
8150;415.191650;182416
8151;414.764404;182417
8152;414.886475;182418
8153;414.978027;182419
8154;415.039063;182420
8155;414.978027;182421
8156;415.008545;182422
8157;415.100098;182423
8158;415.130615;182424
8159;415.008545;182425
8160;414.764404;182426
8161;414.855957;182427
8162;415.069580;182428
8163;415.130615;182429
8164;414.916992;182430
8165;415.008545;182431
8166;414.886475;182432
8167;415.069580;182433
8168;415.191650;182434
8169;415.100098;182435
8170;414.886475;182436
8171;414.825439;182437
8172;414.855957;182438
8173;414.916992;182439
8174;414.886475;182440
8175;414.916992;182441
8176;414.886475;182442
8177;415.100098;182443
8178;415.069580;182444
8179;415.008545;182445
8180;415.130615;182446
8181;415.161133;182447
8182;415.069580;182448
8183;414.978027;182449
8184;414.733887;182450
8185;414.855957;182451
8186;414.855957;182452
8187;415.100098;182453
8188;415.039063;182454
8189;415.008545;182455
8190;415.161133;182456
8191;415.069580;182457
8192;415.130615;182458
8193;415.191650;182459
8194;414.886475;182460
8195;414.978027;182461
8196;415.100098;182462
8197;415.100098;182463
8198;414.794922;182464
8199;414.886475;182465
8200;415.008545;182466
8201;414.886475;182467
8202;415.100098;182468
8203;415.130615;182469
8204;415.069580;182470
8205;414.733887;182471
8206;415.039063;182472
8207;414.794922;182473
8208;414.855957;182474
8209;414.886475;182475
8210;415.008545;182476
8211;414.978027;182477
8212;414.978027;182478
8213;414.916992;182479
8214;415.069580;182480
8215;415.069580;182481
8216;414.916992;182482
8217;414.855957;182483
8218;414.886475;182484
8219;415.069580;182485
8220;414.916992;182486
8221;415.069580;182487
8222;415.069580;182488
8223;415.252686;182489
8224;414.978027;182490
8225;414.855957;182491
8226;414.825439;182492
8227;414.886475;182493
8228;415.100098;182494
8229;415.008545;182495
8230;414.855957;182496
8231;414.855957;182497
8232;414.978027;182498
8233;415.008545;182499
8234;415.008545;182500
8235;415.008545;182501
8236;415.008545;182502
8237;414.855957;182503
8238;414.886475;182504
8239;415.008545;182505
8240;414.978027;182506
8241;415.069580;182507
8242;414.886475;182508
8243;414.916992;182509
8244;414.855957;182510
8245;415.100098;182511
8246;415.008545;182512
8247;414.916992;182513
8248;415.008545;182514
8249;414.978027;182515
8250;414.886475;182516
8251;414.886475;182517
8252;415.008545;182518
8253;414.825439;182519
8254;414.886475;182520
8255;415.039063;182521
8256;414.916992;182522
8257;415.130615;182523
8258;415.069580;182524
8259;414.855957;182525
8260;414.916992;182526
8261;414.916992;182527
8262;414.733887;182528
8263;414.825439;182529
8264;415.039063;182530
8265;414.916992;182531
8266;415.008545;182532
8267;414.886475;182533
8268;415.130615;182534
8269;414.916992;182535
8270;414.916992;182536
8271;415.069580;182537
8272;415.008545;182538
8273;415.100098;182539
8274;414.886475;182540
8275;414.855957;182541
8276;415.008545;182542
8277;414.978027;182543
8278;415.161133;182544
8279;414.978027;182545
8280;414.916992;182546
8281;414.855957;182547
8282;415.008545;182548
8283;414.886475;182549
8284;415.069580;182550
8285;415.130615;182551
8286;415.039063;182552
8287;415.069580;182553
8288;415.069580;182554
8289;414.794922;182555
8290;414.794922;182556
8291;414.886475;182557
8292;414.886475;182558
8293;415.008545;182559
8294;414.794922;182560
8295;415.161133;182561
8296;415.039063;182562
8297;414.916992;182563
8298;415.069580;182564
8299;415.039063;182565
8300;415.191650;182566
8301;414.916992;182567
8302;414.916992;182568
8303;415.008545;182569
8304;414.886475;182570
8305;414.825439;182571
8306;414.794922;182572
8307;414.916992;182573
8308;414.764404;182574
8309;415.069580;182575
8310;414.978027;182576
8311;415.130615;182577
8312;414.916992;182578
8313;414.978027;182579
8314;414.916992;182580
8315;415.039063;182581
8316;415.039063;182582
8317;415.039063;182583
8318;415.039063;182584
8319;414.855957;182585
8320;414.764404;182586
8321;414.855957;182587
8322;415.039063;182588
8323;415.161133;182589
8324;415.130615;182590
8325;414.978027;182591
8326;415.008545;182592
8327;414.916992;182593
8328;414.886475;182594
8329;414.978027;182595
8330;414.855957;182596
8331;415.039063;182597
8332;414.978027;182598
8333;415.069580;182599
8334;414.886475;182600
8335;415.008545;182601
8336;415.100098;182602
8337;415.100098;182603
8338;415.161133;182604
8339;414.855957;182605
8340;414.978027;182606
8341;414.855957;182607
8342;414.794922;182608
8343;414.855957;182609
8344;415.100098;182610
8345;415.039063;182611
8346;414.855957;182612
8347;415.069580;182613
8348;415.130615;182614
8349;415.039063;182615
8350;415.130615;182616
8351;415.039063;182617
8352;415.039063;182618
8353;415.039063;182619
8354;414.886475;182620
8355;414.794922;182621
8356;415.069580;182622
8357;415.039063;182623
8358;415.039063;182624
8359;414.825439;182625
8360;414.916992;182626
8361;415.100098;182627
8362;414.886475;182628
8363;414.978027;182629
8364;415.069580;182630
8365;415.069580;182631
8366;414.916992;182632
8367;414.916992;182633
8368;414.916992;182634
8369;414.916992;182635
8370;414.886475;182636
8371;415.161133;182637
8372;415.008545;182638
8373;414.825439;182639
8374;414.916992;182640
8375;415.069580;182641
8376;414.978027;182642
8377;415.161133;182643
8378;414.916992;182644
8379;414.855957;182645
8380;414.825439;182646
8381;415.069580;182647
8382;414.916992;182648
8383;414.916992;182649
8384;415.100098;182650
8385;414.855957;182651
8386;414.978027;182652
8387;415.161133;182653
8388;415.008545;182654
8389;414.825439;182655
8390;414.855957;182656
8391;415.039063;182657
8392;415.069580;182658
8393;415.008545;182659
8394;414.855957;182660
8395;415.191650;182661
8396;415.069580;182662
8397;415.130615;182663
8398;414.855957;182664
8399;414.916992;182665
8400;414.642334;182666
8401;414.978027;182667
8402;415.039063;182668
8403;415.008545;182669
8404;414.916992;182670
8405;415.100098;182671
8406;415.008545;182672
8407;414.886475;182673
8408;414.916992;182674
8409;414.978027;182675
8410;415.100098;182676
8411;414.825439;182677
8412;414.916992;182678
8413;414.855957;182679
8414;415.008545;182680
8415;414.916992;182681
8416;415.069580;182682
8417;415.008545;182683
8418;415.069580;182684
8419;415.069580;182685
8420;415.069580;182686
8421;414.916992;182687
8422;414.794922;182688
8423;415.008545;182689
8424;414.855957;182690
8425;414.886475;182691
8426;414.916992;182692
8427;415.039063;182693
8428;415.008545;182694
8429;414.825439;182695
8430;414.855957;182696
8431;415.069580;182697
8432;415.008545;182698
8433;414.916992;182699
8434;415.008545;182700
8435;414.916992;182701
8436;414.794922;182702
8437;414.916992;182703
8438;415.100098;182704
8439;414.978027;182705
8440;415.130615;182706
8441;415.039063;182707
8442;415.130615;182708
8443;414.916992;182709
8444;414.916992;182710
8445;414.794922;182711
8446;414.886475;182712
8447;415.008545;182713
8448;414.916992;182714
8449;415.039063;182715
8450;414.978027;182716
8451;415.069580;182717
8452;414.978027;182718
8453;415.008545;182719
8454;414.886475;182720
8455;414.733887;182721
8456;414.978027;182722
8457;415.008545;182723
8458;414.916992;182724
8459;414.916992;182725
8460;415.100098;182726
8461;415.161133;182727
8462;415.252686;182728
8463;415.191650;182729
8464;414.855957;182730
8465;414.916992;182731
8466;415.008545;182732
8467;414.916992;182733
8468;415.008545;182734
8469;414.886475;182735
8470;415.039063;182736
8471;414.916992;182737
8472;415.283203;182738
8473;415.161133;182739
8474;414.733887;182740
8475;414.886475;182741
8476;415.161133;182742
8477;414.886475;182743
8478;415.008545;182744
8479;415.039063;182745
8480;415.039063;182746
8481;415.008545;182747
8482;415.130615;182748
8483;414.855957;182749
8484;415.069580;182750
8485;415.069580;182751
8486;415.069580;182752
8487;415.100098;182753
8488;415.008545;182754
8489;415.008545;182755
8490;415.069580;182756
8491;415.008545;182757
8492;415.069580;182758
8493;414.855957;182759
8494;414.855957;182760
8495;415.069580;182761
8496;414.886475;182762
8497;415.069580;182763
8498;415.100098;182764
8499;415.008545;182765
8500;415.069580;182766
8501;415.130615;182767
8502;414.916992;182768
8503;414.886475;182769
8504;415.130615;182770
8505;415.039063;182771
8506;414.886475;182772
8507;415.008545;182773
8508;414.978027;182774
8509;415.100098;182775
8510;415.161133;182776
8511;414.916992;182777
8512;415.008545;182778
8513;414.886475;182779
8514;414.978027;182780
8515;414.978027;182781
8516;414.794922;182782
8517;414.825439;182783
8518;414.886475;182784
8519;415.008545;182785
8520;414.978027;182786
8521;415.069580;182787
8522;414.886475;182788
8523;414.916992;182789
8524;415.039063;182790
8525;414.794922;182791
8526;414.978027;182792
8527;415.100098;182793
8528;414.855957;182794
8529;414.916992;182795
8530;414.916992;182796
8531;414.855957;182797
8532;415.069580;182798
8533;414.978027;182799
8534;415.161133;182800
8535;414.916992;182801
8536;414.794922;182802
8539;415.039063;182805
8547;414.855957;182813
8556;414.978027;182822
8564;415.069580;182830
8572;414.855957;182838
8580;414.855957;182846
8589;415.008545;182855
8598;415.008545;182864
8606;414.978027;182872
8614;414.886475;182880
8622;414.916992;182888
8630;414.794922;182896
8638;414.978027;182904
8646;414.978027;182912
8654;414.642334;182920
8662;415.161133;182928
8670;414.978027;182936
8679;414.855957;182945
8687;414.794922;182953
8696;415.161133;182962
8704;414.855957;182970
8712;414.916992;182978
8720;415.069580;182986
8728;415.191650;182994
8737;415.161133;183003
8744;415.008545;183010
8753;415.283203;183019
8761;414.794922;183027
8769;415.100098;183035
8777;414.886475;183043
8785;414.978027;183051
8794;415.069580;183060
8803;414.764404;183069
8811;415.069580;183077
8819;415.008545;183085
8827;415.008545;183093
8836;414.978027;183102
8844;414.916992;183110
8853;415.069580;183119
8861;414.916992;183127
8868;415.100098;183134
8875;414.916992;183141
8883;415.039063;183149
8891;415.130615;183157
8899;414.916992;183165
8907;414.855957;183173
8914;415.008545;183180
8923;414.794922;183189
8931;415.069580;183197
8940;414.825439;183206
8948;414.794922;183214
8957;415.039063;183223
8965;415.039063;183231
8973;414.764404;183239
8981;415.008545;183247
8990;414.794922;183256
8998;414.733887;183264
9007;414.886475;183273
9015;415.191650;183281
9024;415.130615;183290
9032;415.069580;183298
9040;414.886475;183306
9049;414.855957;183315
9057;414.916992;183323
9065;414.916992;183331
9072;415.039063;183338
9082;415.100098;183348
9090;414.794922;183356
9098;414.855957;183364
9106;414.916992;183372
9114;414.886475;183380
9122;414.794922;183388
9131;414.978027;183397
9139;414.855957;183405
9146;414.886475;183412
9155;415.008545;183421
9165;414.794922;183431
9173;414.978027;183439
9181;415.130615;183447
9188;414.886475;183454
9196;415.100098;183462
9204;414.978027;183470
9211;414.978027;183477
9220;414.916992;183486
9229;414.978027;183495
9237;415.008545;183503
9244;415.252686;183510
9253;415.039063;183519
9260;415.008545;183526
9269;415.191650;183535
9277;415.008545;183543
9285;415.069580;183551
9293;415.008545;183559
9302;415.039063;183568
9311;415.008545;183577
9320;415.039063;183586
9328;414.978027;183594
9335;415.039063;183601
9343;414.886475;183609
9351;414.978027;183617
9359;414.886475;183625
9368;415.039063;183634
9376;415.069580;183642
9384;415.008545;183650
9392;415.100098;183658
9400;415.100098;183666
9408;414.855957;183674
9415;414.916992;183681
9423;415.161133;183689
9432;415.039063;183698
9441;414.886475;183707
9449;414.886475;183715
9456;415.100098;183722
9463;415.039063;183729
9470;415.039063;183736
9477;414.886475;183743
9484;414.978027;183750
9493;415.130615;183759
9501;415.130615;183767
9511;414.916992;183777
9519;414.855957;183785
9526;414.916992;183792
9533;415.039063;183799
9541;415.100098;183807
9548;415.008545;183814
9555;415.130615;183821
9563;414.978027;183829
9572;415.039063;183838
9579;415.039063;183845
9587;414.916992;183853
9596;414.855957;183862
9603;414.733887;183869
9612;414.855957;183878
9620;415.161133;183886
9628;414.855957;183894
9635;415.069580;183901
9643;415.039063;183909
9652;414.825439;183918
9661;414.978027;183927
9669;415.039063;183935
9677;415.069580;183943
9685;414.825439;183951
9693;415.008545;183959
9700;415.100098;183966
9708;414.916992;183974
9718;415.130615;183984
9726;415.039063;183992
9734;415.008545;184000
9742;414.916992;184008
9749;414.855957;184015
9757;415.100098;184023
9765;414.916992;184031
9774;415.130615;184040
9782;415.252686;184048
9790;414.978027;184056
9798;415.069580;184064
9806;415.100098;184072
9814;415.008545;184080
9821;415.161133;184087
9830;415.039063;184096
9839;414.916992;184105
9847;415.069580;184113
9855;415.069580;184121
9863;414.825439;184129
9870;414.825439;184136
9877;415.039063;184143
9884;415.191650;184150
9894;415.069580;184160
9902;414.886475;184168
9910;414.978027;184176
9917;414.855957;184183
9926;415.069580;184192
9934;414.978027;184200
9942;415.008545;184208
9951;414.978027;184217
9959;414.886475;184225
9967;415.100098;184233
9976;414.703369;184242
9983;414.886475;184249
9990;414.886475;184256
9999;414.978027;184265
10006;414.916992;184272
10014;414.794922;184280
10022;414.978027;184288
10029;415.039063;184295
10037;415.069580;184303
10045;415.130615;184311
10053;415.100098;184319
10063;414.886475;184329
10071;415.039063;184337
10079;415.100098;184345
10087;414.794922;184353
10094;414.825439;184360
10101;415.008545;184367
10108;414.886475;184374
10117;415.313721;184383
10126;414.764404;184392
10134;415.069580;184400
10141;414.916992;184407
10148;414.642334;184414
10156;415.100098;184422
10163;415.008545;184429
10170;415.252686;184436
10177;414.916992;184443
10185;414.978027;184451
10193;414.794922;184459
10203;415.069580;184469
10212;414.764404;184478
10220;415.008545;184486
10228;415.100098;184494
10235;415.039063;184501
10243;415.130615;184509
10250;414.916992;184516
10257;415.008545;184523
10264;414.855957;184530
10273;415.039063;184539
10282;414.916992;184548
10289;414.978027;184555
10297;415.191650;184563
10305;414.886475;184571
10312;415.069580;184578
10319;414.794922;184585
10327;415.161133;184593
10335;415.069580;184601
10344;415.008545;184610
10353;414.855957;184619
10361;414.855957;184627
10371;415.008545;184637
10378;415.191650;184644
10386;415.069580;184652
10395;414.978027;184661
10402;414.916992;184668
10410;414.978027;184676
10418;414.825439;184684
10425;414.794922;184691
10433;414.764404;184699
10440;415.069580;184706
10447;414.916992;184713
10454;415.039063;184720
10462;415.100098;184728
10470;414.978027;184736
10477;414.886475;184743
10484;414.825439;184750
10491;414.855957;184757
10499;414.855957;184765
10506;415.008545;184772
10514;415.008545;184780
10522;414.794922;184788
10529;415.008545;184795
10537;414.855957;184803
10546;414.764404;184812
10554;415.161133;184820
10561;414.855957;184827
10568;415.100098;184834
10575;415.008545;184841
10582;415.283203;184848
10589;415.069580;184855
10596;415.008545;184862
10603;415.008545;184869
10610;415.161133;184876
10617;415.008545;184883
10624;414.978027;184890
10631;415.008545;184897
10638;414.978027;184904
10645;414.916992;184911
10652;414.978027;184918
10659;414.916992;184925
10667;414.916992;184933
10674;415.161133;184940
10681;415.008545;184947
10688;415.008545;184954
10695;414.886475;184961
10702;414.916992;184968
10710;415.008545;184976
10718;415.069580;184984
10725;415.161133;184991
10732;415.039063;184998
10739;414.916992;185005
10747;415.008545;185013
10754;415.039063;185020
10761;414.794922;185027
10769;414.978027;185035
10776;415.191650;185042
10783;415.191650;185049
10790;415.069580;185056
10797;414.886475;185063
10804;415.100098;185070
10812;415.069580;185078
10820;414.794922;185086
10828;415.008545;185094
10835;414.916992;185101
10843;414.978027;185109
10850;415.008545;185116
10857;415.039063;185123
10865;415.039063;185131
10872;415.039063;185138
10879;415.191650;185145
10886;415.252686;185152
10893;414.916992;185159
10900;415.069580;185166
10907;414.978027;185173
10914;415.100098;185180
10921;415.008545;185187
10928;414.916992;185194
10935;414.916992;185201
10942;414.916992;185208
10949;415.039063;185215
10956;414.825439;185222
10963;415.100098;185229
10970;414.855957;185236
10978;414.978027;185244
10985;415.008545;185251
10993;414.916992;185259
11000;414.855957;185266
11008;414.886475;185274
11016;415.008545;185282
11023;414.855957;185289
11030;415.008545;185296
11037;414.886475;185303
11044;415.008545;185310
11051;415.069580;185317
11058;415.069580;185324
11065;414.916992;185331
11072;414.886475;185338
11079;415.008545;185345
11086;415.100098;185352
11094;414.886475;185360
11101;415.100098;185367
11108;415.100098;185374
11115;415.039063;185381
11122;414.916992;185388
11129;414.855957;185395
11136;415.283203;185402
11143;414.825439;185409
11150;414.825439;185416
11158;415.008545;185424
11165;415.069580;185431
11172;414.978027;185438
11179;415.069580;185445
11187;415.039063;185453
11195;415.130615;185461
11202;414.978027;185468
11209;415.008545;185475
11216;414.916992;185482
11223;414.764404;185489
11230;414.794922;185496
11238;414.764404;185504
11246;414.978027;185512
11254;414.825439;185520
11262;415.069580;185528
11269;414.825439;185535
11276;414.916992;185542
11283;414.916992;185549
11291;414.886475;185557
11298;415.313721;185564
11305;414.733887;185571
11312;415.039063;185578
11319;415.008545;185585
11326;414.855957;185592
11333;414.916992;185599
11340;414.916992;185606
11347;414.855957;185613
11354;415.100098;185620
11361;415.130615;185627
11368;415.069580;185634
11375;415.008545;185641
11382;415.008545;185648
11389;414.855957;185655
11396;414.916992;185662
11403;414.978027;185669
11410;414.916992;185676
11417;415.039063;185683
11424;414.825439;185690
11431;415.161133;185697
11438;414.733887;185704
11446;414.916992;185712
11454;415.069580;185720
11461;414.855957;185727
11468;414.886475;185734
11476;415.039063;185742
11483;415.069580;185749
11490;415.069580;185756
11497;415.069580;185763
11504;414.825439;185770
11511;414.916992;185777
11518;415.008545;185784
11525;414.978027;185791
11532;414.733887;185798
11539;414.978027;185805
11547;415.069580;185813
11554;414.825439;185820
11561;414.916992;185827
11568;414.916992;185834
11575;415.039063;185841
11582;414.886475;185848
11589;415.252686;185855
11596;415.008545;185862
11603;414.733887;185869
11610;415.039063;185876
11617;415.100098;185883
11624;414.978027;185890
11631;414.886475;185897
11638;415.191650;185904
11646;414.886475;185912
11653;414.886475;185919
11660;415.008545;185926
