ID;VALUE;TIMESTAMP
0;0.000000;11051
1;0.000000;11052
2;0.000000;11053
3;0.000000;11054
4;0.000000;11055
5;0.000000;11056
6;0.000000;11057
7;0.000000;11058
8;0.000000;11059
9;0.000000;11060
10;0.000000;11061
11;0.000000;11062
12;0.000000;11063
13;0.000000;11064
14;0.000000;11065
15;0.000000;11066
16;0.000000;11067
17;0.000000;11068
18;0.000000;11069
19;0.000000;11070
20;0.000000;11071
21;0.000000;11072
22;0.000000;11073
23;0.000000;11074
24;0.000000;11075
25;0.000000;11076
26;0.000000;11077
27;0.000000;11078
28;0.000000;11079
29;0.000000;11080
30;0.000000;11081
31;0.000000;11082
32;0.000000;11083
33;0.000000;11084
34;0.000000;11085
35;0.000000;11086
36;0.000000;11087
37;0.000000;11088
38;0.000000;11089
39;0.000000;11090
40;0.000000;11091
41;0.000000;11092
42;0.000000;11093
43;0.000000;11094
44;0.000000;11095
45;0.000000;11096
46;0.000000;11097
47;0.000000;11098
48;0.000000;11099
49;0.000000;11100
50;0.000000;11101
51;0.000000;11102
52;0.000000;11103
53;0.000000;11104
54;0.000000;11105
55;0.000000;11106
56;0.000000;11107
57;0.000000;11108
58;0.000000;11109
59;0.000000;11110
60;0.000000;11111
61;0.000000;11112
62;0.000000;11113
63;0.000000;11114
64;0.000000;11115
65;0.000000;11116
66;0.000000;11117
67;0.000000;11118
68;0.000000;11119
69;0.000000;11120
70;0.000000;11121
71;0.000000;11122
72;0.000000;11123
73;0.000000;11124
74;0.000000;11125
75;0.000000;11126
76;0.000000;11127
77;0.000000;11128
78;0.000000;11129
79;0.000000;11130
80;0.000000;11131
81;0.000000;11132
82;0.000000;11133
83;0.000000;11134
84;0.000000;11135
85;0.000000;11136
86;0.000000;11137
87;0.000000;11138
88;0.000000;11139
89;0.000000;11140
90;0.000000;11141
91;0.000000;11142
92;0.000000;11143
93;0.000000;11144
94;0.000000;11145
95;0.000000;11146
96;0.000000;11147
97;0.000000;11148
98;0.000000;11149
99;0.000000;11150
100;0.000000;11151
101;0.000000;11152
102;0.000000;11153
103;0.000000;11154
104;0.000000;11155
105;0.000000;11156
106;0.000000;11157
107;0.000000;11158
108;0.000000;11159
109;0.000000;11160
110;0.000000;11161
111;0.000000;11162
112;0.000000;11163
113;0.000000;11164
114;0.000000;11165
115;0.000000;11166
116;0.000000;11167
117;0.000000;11168
118;0.000000;11169
119;0.000000;11170
120;0.000000;11171
121;0.000000;11172
122;0.000000;11173
123;0.000000;11174
124;0.000000;11175
125;0.000000;11176
126;0.000000;11177
127;0.000000;11178
128;0.000000;11179
129;0.000000;11180
130;0.000000;11181
131;0.000000;11182
132;0.000000;11183
133;0.000000;11184
134;0.000000;11185
135;0.000000;11186
136;0.000000;11187
137;0.000000;11188
138;0.000000;11189
139;0.000000;11190
140;0.000000;11191
141;0.000000;11192
142;0.000000;11193
143;0.000000;11194
144;0.000000;11195
145;0.000000;11196
146;0.000000;11197
147;0.000000;11198
148;0.000000;11199
149;0.000000;11200
150;0.000000;11201
151;0.000000;11202
152;0.000000;11203
153;0.000000;11204
154;0.000000;11205
155;0.000000;11206
156;0.000000;11207
157;0.000000;11208
158;0.000000;11209
159;0.000000;11210
160;0.000000;11211
161;0.000000;11212
162;0.000000;11213
163;0.000000;11214
164;0.000000;11215
165;0.000000;11216
166;0.000000;11217
167;0.000000;11218
168;0.000000;11219
169;0.000000;11220
170;0.000000;11221
171;0.000000;11222
172;0.000000;11223
173;0.000000;11224
174;0.000000;11225
175;0.000000;11226
176;0.000000;11227
177;0.000000;11228
178;0.000000;11229
179;0.000000;11230
180;0.000000;11231
181;0.000000;11232
182;0.000000;11233
183;0.000000;11234
184;0.000000;11235
185;0.000000;11236
186;0.000000;11237
187;0.000000;11238
188;0.000000;11239
189;0.000000;11240
190;0.000000;11241
191;0.000000;11242
192;0.000000;11243
193;0.000000;11244
194;0.000000;11245
195;0.000000;11246
196;0.000000;11247
197;0.000000;11248
198;0.000000;11249
199;0.000000;11250
200;0.000000;11251
201;0.000000;11252
202;0.000000;11253
203;0.000000;11254
204;0.000000;11255
205;0.000000;11256
206;0.000000;11257
207;0.000000;11258
208;0.000000;11259
209;0.000000;11260
210;0.000000;11261
211;0.000000;11262
212;0.000000;11263
213;0.000000;11264
214;0.000000;11265
215;0.000000;11266
216;0.000000;11267
217;0.000000;11268
218;0.000000;11269
219;0.000000;11270
220;0.000000;11271
221;0.000000;11272
222;0.000000;11273
223;0.000000;11274
224;0.000000;11275
225;0.000000;11276
226;0.000000;11277
227;0.000000;11278
228;0.000000;11279
229;0.000000;11280
230;0.000000;11281
231;0.000000;11282
232;0.000000;11283
233;0.000000;11284
234;0.000000;11285
235;0.000000;11286
236;0.000000;11287
237;0.000000;11288
238;0.000000;11289
239;0.000000;11290
240;0.000000;11291
241;0.000000;11292
242;0.000000;11293
243;0.000000;11294
244;0.000000;11295
245;0.000000;11296
246;0.000000;11297
247;0.000000;11298
248;0.000000;11299
249;0.000000;11300
250;0.000000;11301
251;0.000000;11302
252;0.000000;11303
253;0.000000;11304
254;0.000000;11305
255;0.000000;11306
256;0.000000;11307
257;0.000000;11308
258;0.000000;11309
259;0.000000;11310
260;0.000000;11311
261;0.000000;11312
262;0.000000;11313
263;0.000000;11314
264;0.000000;11315
265;0.000000;11316
266;0.000000;11317
267;0.000000;11318
268;0.000000;11319
269;0.000000;11320
270;0.000000;11321
271;0.000000;11322
272;0.000000;11323
273;0.000000;11324
274;0.000000;11325
275;0.000000;11326
276;0.000000;11327
277;0.000000;11328
278;0.000000;11329
279;0.000000;11330
280;0.000000;11331
281;0.000000;11332
282;0.000000;11333
283;0.000000;11334
284;0.000000;11335
285;0.000000;11336
286;0.000000;11337
287;0.000000;11338
288;0.000000;11339
289;0.000000;11340
290;0.000000;11341
291;0.000000;11342
292;0.000000;11343
293;0.000000;11344
294;0.000000;11345
295;0.000000;11346
296;0.000000;11347
297;0.000000;11348
298;0.000000;11349
299;0.000000;11350
300;0.000000;11351
301;0.000000;11352
302;0.000000;11353
303;0.000000;11354
304;0.000000;11355
305;0.000000;11356
306;0.000000;11357
307;0.000000;11358
308;0.000000;11359
309;0.000000;11360
310;0.000000;11361
311;0.000000;11362
312;0.000000;11363
313;0.000000;11364
314;0.000000;11365
315;0.000000;11366
316;0.000000;11367
317;0.000000;11368
318;0.000000;11369
319;0.000000;11370
320;0.000000;11371
321;0.000000;11372
322;0.000000;11373
323;0.000000;11374
324;0.000000;11375
325;0.000000;11376
326;0.000000;11377
327;0.000000;11378
328;0.000000;11379
329;0.000000;11380
330;0.000000;11381
331;0.000000;11382
332;0.000000;11383
333;0.000000;11384
334;0.000000;11385
335;0.000000;11386
336;0.000000;11387
337;0.000000;11388
338;0.000000;11389
339;0.000000;11390
340;0.000000;11391
341;0.000000;11392
342;0.000000;11393
343;0.000000;11394
344;0.000000;11395
345;0.000000;11396
346;0.000000;11397
347;0.000000;11398
348;0.000000;11399
349;0.000000;11400
350;0.000000;11401
351;0.000000;11402
352;0.000000;11403
353;0.000000;11404
354;0.000000;11405
355;0.000000;11406
356;0.000000;11407
357;0.000000;11408
358;0.000000;11409
359;0.000000;11410
360;0.000000;11411
361;0.000000;11412
362;0.000000;11413
363;0.000000;11414
364;0.000000;11415
365;0.000000;11416
366;0.000000;11417
367;0.000000;11418
368;0.000000;11419
369;0.000000;11420
370;0.000000;11421
371;0.000000;11422
372;0.000000;11423
373;0.000000;11424
374;0.000000;11425
375;0.000000;11426
376;0.000000;11427
377;0.000000;11428
378;0.000000;11429
379;0.000000;11430
380;0.000000;11431
381;0.000000;11432
382;0.000000;11433
383;0.000000;11434
384;0.000000;11435
385;0.000000;11436
386;0.000000;11437
387;0.000000;11438
388;0.000000;11439
389;0.000000;11440
390;0.000000;11441
391;0.000000;11442
392;0.000000;11443
393;0.000000;11444
394;0.000000;11445
395;0.000000;11446
396;0.000000;11447
397;0.000000;11448
398;0.000000;11449
399;0.000000;11450
400;0.000000;11451
401;0.000000;11452
402;0.000000;11453
403;0.000000;11454
404;0.000000;11455
405;0.000000;11456
406;0.000000;11457
407;0.000000;11458
408;0.000000;11459
409;0.000000;11460
410;0.000000;11461
411;0.000000;11462
412;0.000000;11463
413;0.000000;11464
414;0.000000;11465
415;0.000000;11466
416;0.000000;11467
417;0.000000;11468
418;0.000000;11469
419;0.000000;11470
420;0.000000;11471
421;0.000000;11472
422;0.000000;11473
423;0.000000;11474
424;0.000000;11475
425;0.000000;11476
426;0.000000;11477
427;0.000000;11478
428;0.000000;11479
429;0.000000;11480
430;0.000000;11481
431;0.000000;11482
432;0.000000;11483
433;0.000000;11484
434;0.000000;11485
435;0.000000;11486
436;0.000000;11487
437;0.000000;11488
438;0.000000;11489
439;0.000000;11490
440;0.000000;11491
441;0.000000;11492
442;0.000000;11493
443;0.000000;11494
444;0.000000;11495
445;0.000000;11496
446;0.000000;11497
447;0.000000;11498
448;0.000000;11499
449;0.000000;11500
450;0.000000;11501
451;0.000000;11502
452;0.000000;11503
453;0.000000;11504
454;0.000000;11505
455;0.000000;11506
456;0.000000;11507
457;0.000000;11508
458;0.000000;11509
459;0.000000;11510
460;0.000000;11511
461;0.000000;11512
462;0.000000;11513
463;0.000000;11514
464;0.000000;11515
465;0.000000;11516
466;0.000000;11517
467;0.000000;11518
468;0.000000;11519
469;0.000000;11520
470;0.000000;11521
471;0.000000;11522
472;0.000000;11523
473;0.000000;11524
474;0.000000;11525
475;0.000000;11526
476;0.000000;11527
477;0.000000;11528
478;0.000000;11529
479;0.000000;11530
480;0.000000;11531
481;0.000000;11532
482;0.000000;11533
483;0.000000;11534
484;0.000000;11535
485;0.000000;11536
486;0.000000;11537
487;0.000000;11538
488;0.000000;11539
489;0.000000;11540
490;0.000000;11541
491;0.000000;11542
492;0.000000;11543
493;0.000000;11544
494;0.000000;11545
495;0.000000;11546
496;0.000000;11547
497;0.000000;11548
498;0.000000;11549
499;0.000000;11550
500;0.000000;11551
501;0.000000;11552
502;0.000000;11553
503;0.000000;11554
504;0.000000;11555
505;0.000000;11556
506;0.000000;11557
507;0.000000;11558
508;0.000000;11559
509;0.000000;11560
510;0.000000;11561
511;0.000000;11562
512;0.000000;11563
513;0.000000;11564
514;0.000000;11565
515;0.000000;11566
516;0.000000;11567
517;0.000000;11568
518;0.000000;11569
519;0.000000;11570
520;0.000000;11571
521;0.000000;11572
522;0.000000;11573
523;0.000000;11574
524;0.000000;11575
525;0.000000;11576
526;0.000000;11577
527;0.000000;11578
528;0.000000;11579
529;0.000000;11580
530;0.000000;11581
531;0.000000;11582
532;0.000000;11583
533;0.000000;11584
534;0.000000;11585
535;0.000000;11586
536;0.000000;11587
537;0.000000;11588
538;0.000000;11589
539;0.000000;11590
540;0.000000;11591
541;0.000000;11592
542;0.000000;11593
543;0.000000;11594
544;0.000000;11595
545;0.000000;11596
546;0.000000;11597
547;0.000000;11598
548;0.000000;11599
549;0.000000;11600
550;0.000000;11601
551;0.000000;11602
552;0.000000;11603
553;0.000000;11604
554;0.000000;11605
555;0.000000;11606
556;0.000000;11607
557;0.000000;11608
558;0.000000;11609
559;0.000000;11610
560;0.000000;11611
561;0.000000;11612
562;0.000000;11613
563;0.000000;11614
564;0.000000;11615
565;0.000000;11616
566;0.000000;11617
567;0.000000;11618
568;0.000000;11619
569;0.000000;11620
570;0.000000;11621
571;0.000000;11622
572;0.000000;11623
573;0.000000;11624
574;0.000000;11625
575;0.000000;11626
576;0.000000;11627
577;0.000000;11628
578;0.000000;11629
579;0.000000;11630
580;0.000000;11631
581;0.000000;11632
582;0.000000;11633
583;0.000000;11634
584;0.000000;11635
585;0.000000;11636
586;0.000000;11637
587;0.000000;11638
588;0.000000;11639
589;0.000000;11640
590;0.000000;11641
591;0.000000;11642
592;0.000000;11643
593;0.000000;11644
594;0.000000;11645
595;0.000000;11646
596;0.000000;11647
597;0.000000;11648
598;0.000000;11649
599;0.000000;11650
600;0.000000;11651
601;0.000000;11652
602;0.000000;11653
603;0.000000;11654
604;0.000000;11655
605;0.000000;11656
606;0.000000;11657
607;0.000000;11658
608;0.000000;11659
609;0.000000;11660
610;0.000000;11661
611;0.000000;11662
612;0.000000;11663
613;0.000000;11664
614;0.000000;11665
615;0.000000;11666
616;0.000000;11667
617;0.000000;11668
618;0.000000;11669
619;0.000000;11670
620;0.000000;11671
621;0.000000;11672
622;0.000000;11673
623;0.000000;11674
624;0.000000;11675
625;0.000000;11676
626;0.000000;11677
627;0.000000;11678
628;0.000000;11679
629;0.000000;11680
630;0.000000;11681
631;0.000000;11682
632;0.000000;11683
633;0.000000;11684
634;0.000000;11685
635;0.000000;11686
636;0.000000;11687
637;0.000000;11688
638;0.000000;11689
639;0.000000;11690
640;0.000000;11691
641;0.000000;11692
642;0.000000;11693
643;0.000000;11694
644;0.000000;11695
645;0.000000;11696
646;0.000000;11697
647;0.000000;11698
648;0.000000;11699
649;0.000000;11700
650;0.000000;11701
651;0.000000;11702
652;0.000000;11703
653;0.000000;11704
654;0.000000;11705
655;0.000000;11706
656;0.000000;11707
657;0.000000;11708
658;0.000000;11709
659;0.000000;11710
660;0.000000;11711
661;0.000000;11712
662;0.000000;11713
663;0.000000;11714
664;0.000000;11715
665;0.000000;11716
666;0.000000;11717
667;0.000000;11718
668;0.000000;11719
669;0.000000;11720
670;0.000000;11721
671;0.000000;11722
672;0.000000;11723
673;0.000000;11724
674;0.000000;11725
675;0.000000;11726
676;0.000000;11727
677;0.000000;11728
678;0.000000;11729
679;0.000000;11730
680;0.000000;11731
681;0.000000;11732
682;0.000000;11733
683;0.000000;11734
684;0.000000;11735
685;0.000000;11736
686;0.000000;11737
687;0.000000;11738
688;0.000000;11739
689;0.000000;11740
690;0.000000;11741
691;0.000000;11742
692;0.000000;11743
693;0.000000;11744
694;0.000000;11745
695;0.000000;11746
696;0.000000;11747
697;0.000000;11748
698;0.000000;11749
699;0.000000;11750
700;0.000000;11751
701;0.000000;11752
702;0.000000;11753
703;0.000000;11754
704;0.000000;11755
705;0.000000;11756
706;0.000000;11757
707;0.000000;11758
708;0.000000;11759
709;0.000000;11760
710;0.000000;11761
711;0.000000;11762
712;0.000000;11763
713;0.000000;11764
714;0.000000;11765
715;0.000000;11766
716;0.000000;11767
717;0.000000;11768
718;0.000000;11769
719;0.000000;11770
720;0.000000;11771
721;0.000000;11772
722;0.000000;11773
723;0.000000;11774
724;0.000000;11775
725;0.000000;11776
726;0.000000;11777
727;0.000000;11778
728;0.000000;11779
729;0.000000;11780
730;0.000000;11781
731;0.000000;11782
732;0.000000;11783
733;0.000000;11784
734;0.000000;11785
735;0.000000;11786
736;0.000000;11787
737;0.000000;11788
738;0.000000;11789
739;0.000000;11790
740;0.000000;11791
741;0.000000;11792
742;0.000000;11793
743;0.000000;11794
744;0.000000;11795
745;0.000000;11796
746;0.000000;11797
747;0.000000;11798
748;0.000000;11799
749;0.000000;11800
750;0.000000;11801
751;0.000000;11802
752;0.000000;11803
753;0.000000;11804
754;0.000000;11805
755;0.000000;11806
756;0.000000;11807
757;0.000000;11808
758;0.000000;11809
759;0.000000;11810
760;0.000000;11811
761;0.000000;11812
762;0.000000;11813
763;0.000000;11814
764;0.000000;11815
765;0.000000;11816
766;0.000000;11817
767;0.000000;11818
768;0.000000;11819
769;0.000000;11820
770;0.000000;11821
771;0.000000;11822
772;0.000000;11823
773;0.000000;11824
774;0.000000;11825
775;0.000000;11826
776;0.000000;11827
777;0.000000;11828
778;0.000000;11829
779;0.000000;11830
780;0.000000;11831
781;0.000000;11832
782;0.000000;11833
783;0.000000;11834
784;0.000000;11835
785;0.000000;11836
786;0.000000;11837
787;0.000000;11838
788;0.000000;11839
789;0.000000;11840
790;0.000000;11841
791;0.000000;11842
792;0.000000;11843
793;0.000000;11844
794;0.000000;11845
795;0.000000;11846
796;0.000000;11847
797;0.000000;11848
798;0.000000;11849
799;0.000000;11850
800;0.000000;11851
801;0.000000;11852
802;0.000000;11853
803;0.000000;11854
804;0.000000;11855
805;0.000000;11856
806;0.000000;11857
807;0.000000;11858
808;0.000000;11859
809;0.000000;11860
810;0.000000;11861
811;0.000000;11862
812;0.000000;11863
813;0.000000;11864
814;0.000000;11865
815;0.000000;11866
816;0.000000;11867
817;0.000000;11868
818;0.000000;11869
819;0.000000;11870
820;0.000000;11871
821;0.000000;11872
822;0.000000;11873
823;0.000000;11874
824;0.000000;11875
825;0.000000;11876
826;0.000000;11877
827;0.000000;11878
828;0.000000;11879
829;0.000000;11880
830;0.000000;11881
831;0.000000;11882
832;0.000000;11883
833;0.000000;11884
834;0.000000;11885
835;0.000000;11886
836;0.000000;11887
837;0.000000;11888
838;0.000000;11889
839;0.000000;11890
840;0.000000;11891
841;0.000000;11892
842;0.000000;11893
843;0.000000;11894
844;0.000000;11895
845;0.000000;11896
846;0.000000;11897
847;0.000000;11898
848;0.000000;11899
849;0.000000;11900
850;0.000000;11901
851;0.000000;11902
852;0.000000;11903
853;0.000000;11904
854;0.000000;11905
855;0.000000;11906
856;0.000000;11907
857;0.000000;11908
858;0.000000;11909
859;0.000000;11910
860;0.000000;11911
861;0.000000;11912
862;0.000000;11913
863;0.000000;11914
864;0.000000;11915
865;0.000000;11916
866;0.000000;11917
867;0.000000;11918
868;0.000000;11919
869;0.000000;11920
870;0.000000;11921
871;0.000000;11922
872;0.000000;11923
873;0.000000;11924
874;0.000000;11925
875;0.000000;11926
876;0.000000;11927
877;0.000000;11928
878;0.000000;11929
879;0.000000;11930
880;0.000000;11931
881;0.000000;11932
882;0.000000;11933
883;0.000000;11934
884;0.000000;11935
885;0.000000;11936
886;0.000000;11937
887;0.000000;11938
888;0.000000;11939
889;0.000000;11940
890;0.000000;11941
891;0.000000;11942
892;0.000000;11943
893;0.000000;11944
894;0.000000;11945
895;0.000000;11946
896;0.000000;11947
897;0.000000;11948
898;0.000000;11949
899;0.000000;11950
900;0.000000;11951
901;0.000000;11952
902;0.000000;11953
903;0.000000;11954
904;0.000000;11955
905;0.000000;11956
906;0.000000;11957
907;0.000000;11958
908;0.000000;11959
909;0.000000;11960
910;0.000000;11961
911;0.000000;11962
912;0.000000;11963
913;0.000000;11964
914;0.000000;11965
915;0.000000;11966
916;0.000000;11967
917;0.000000;11968
918;0.000000;11969
919;0.000000;11970
920;0.000000;11971
921;0.000000;11972
922;0.000000;11973
923;0.000000;11974
924;0.000000;11975
925;0.000000;11976
926;0.000000;11977
927;0.000000;11978
928;0.000000;11979
929;0.000000;11980
930;0.000000;11981
931;0.000000;11982
932;0.000000;11983
933;0.000000;11984
934;0.000000;11985
935;0.000000;11986
936;0.000000;11987
937;0.000000;11988
938;0.000000;11989
939;0.000000;11990
940;0.000000;11991
941;0.000000;11992
942;0.000000;11993
943;0.000000;11994
944;0.000000;11995
945;0.000000;11996
946;0.000000;11997
947;0.000000;11998
948;0.000000;11999
949;0.000000;12000
950;0.000000;12001
951;0.000000;12002
952;0.000000;12003
953;0.000000;12004
954;0.000000;12005
955;0.000000;12006
956;0.000000;12007
957;0.000000;12008
958;0.000000;12009
959;0.000000;12010
960;0.000000;12011
961;0.000000;12012
962;0.000000;12013
963;0.000000;12014
964;0.000000;12015
965;0.000000;12016
966;0.000000;12017
967;0.000000;12018
968;0.000000;12019
969;0.000000;12020
970;0.000000;12021
971;0.000000;12022
972;0.000000;12023
973;0.000000;12024
974;0.000000;12025
975;0.000000;12026
976;0.000000;12027
977;0.000000;12028
978;0.000000;12029
979;0.000000;12030
980;0.000000;12031
981;0.000000;12032
982;0.000000;12033
983;0.000000;12034
984;0.000000;12035
985;0.000000;12036
986;0.000000;12037
987;0.000000;12038
988;0.000000;12039
989;0.000000;12040
990;0.000000;12041
991;0.000000;12042
992;0.000000;12043
993;0.000000;12044
994;0.000000;12045
995;0.000000;12046
996;0.000000;12047
997;0.000000;12048
998;0.000000;12049
999;0.000000;12050
1000;0.000000;12051
1001;0.000000;12052
1002;0.000000;12053
1003;0.000000;12054
1004;0.000000;12055
1005;0.000000;12056
1006;0.000000;12057
1007;0.000000;12058
1008;0.000000;12059
1009;0.000000;12060
1010;0.000000;12061
1011;0.000000;12062
1012;0.000000;12063
1013;0.000000;12064
1014;0.000000;12065
1015;0.000000;12066
1016;0.000000;12067
1017;0.000000;12068
1018;0.000000;12069
1019;0.000000;12070
1020;0.000000;12071
1021;0.000000;12072
1022;0.000000;12073
1023;0.000000;12074
1024;0.000000;12075
1025;0.000000;12076
1026;0.000000;12077
1027;0.000000;12078
1028;0.000000;12079
1029;0.000000;12080
1030;0.000000;12081
1031;0.000000;12082
1032;0.000000;12083
1033;0.000000;12084
1034;0.000000;12085
1035;0.000000;12086
1036;0.000000;12087
1037;0.000000;12088
1038;0.000000;12089
1039;0.000000;12090
1040;0.000000;12091
1041;0.000000;12092
1042;0.000000;12093
1043;0.000000;12094
1044;0.000000;12095
1045;0.000000;12096
1046;0.000000;12097
1047;0.000000;12098
1048;0.000000;12099
1049;0.000000;12100
1050;0.000000;12101
1051;0.000000;12102
1052;0.000000;12103
1053;0.000000;12104
1054;0.000000;12105
1055;0.000000;12106
1056;0.000000;12107
1057;0.000000;12108
1058;0.000000;12109
1059;0.000000;12110
1060;0.000000;12111
1061;0.000000;12112
1062;0.000000;12113
1063;0.000000;12114
1064;0.000000;12115
1065;0.000000;12116
1066;0.000000;12117
1067;0.000000;12118
1068;0.000000;12119
1069;0.000000;12120
1070;0.000000;12121
1071;0.000000;12122
1072;0.000000;12123
1073;0.000000;12124
1074;0.000000;12125
1075;0.000000;12126
1076;0.000000;12127
1077;0.000000;12128
1078;0.000000;12129
1079;0.000000;12130
1080;0.000000;12131
1081;0.000000;12132
1082;0.000000;12133
1083;0.000000;12134
1084;0.000000;12135
1085;0.000000;12136
1086;0.000000;12137
1087;0.000000;12138
1088;0.000000;12139
1089;0.000000;12140
1090;0.000000;12141
1091;0.000000;12142
1092;0.000000;12143
1093;0.000000;12144
1094;0.000000;12145
1095;0.000000;12146
1096;0.000000;12147
1097;0.000000;12148
1098;0.000000;12149
1099;0.000000;12150
1100;0.000000;12151
1101;0.000000;12152
1102;0.000000;12153
1103;0.000000;12154
1104;0.000000;12155
1105;0.000000;12156
1106;0.000000;12157
1107;0.000000;12158
1108;0.000000;12159
1109;0.000000;12160
1110;0.000000;12161
1111;0.000000;12162
1112;0.000000;12163
1113;0.000000;12164
1114;0.000000;12165
1115;0.000000;12166
1116;0.000000;12167
1117;0.000000;12168
1118;0.000000;12169
1119;0.000000;12170
1120;0.000000;12171
1121;0.000000;12172
1122;0.000000;12173
1123;0.000000;12174
1124;0.000000;12175
1125;0.000000;12176
1126;0.000000;12177
1127;0.000000;12178
1128;0.000000;12179
1129;0.000000;12180
1130;0.000000;12181
1131;0.000000;12182
1132;0.000000;12183
1133;0.000000;12184
1134;0.000000;12185
1135;0.000000;12186
1136;0.000000;12187
1137;0.000000;12188
1138;0.000000;12189
1139;0.000000;12190
1140;0.000000;12191
1141;0.000000;12192
1142;0.000000;12193
1143;0.000000;12194
1144;0.000000;12195
1145;0.000000;12196
1146;0.000000;12197
1147;0.000000;12198
1148;0.000000;12199
1149;0.000000;12200
1150;0.000000;12201
1151;0.000000;12202
1152;0.000000;12203
1153;0.000000;12204
1154;0.000000;12205
1155;0.000000;12206
1156;0.000000;12207
1157;0.000000;12208
1158;0.000000;12209
1159;0.000000;12210
1160;0.000000;12211
1161;0.000000;12212
1163;0.000000;12214
1171;0.000000;12222
1178;0.000000;12229
1186;0.000000;12237
1193;0.000000;12244
1200;0.000000;12251
1207;0.000000;12258
1214;0.000000;12265
1221;0.000000;12272
1228;0.000000;12279
1236;0.000000;12287
1243;0.000000;12294
1251;0.000000;12302
1258;0.000000;12309
1265;0.000000;12316
1272;0.000000;12323
1279;0.000000;12330
1286;0.000000;12337
1293;0.000000;12344
1301;0.000000;12352
1308;0.000000;12359
1315;0.000000;12366
1322;0.000000;12373
1329;0.000000;12380
1336;0.000000;12387
1343;0.000000;12394
1350;0.000000;12401
1357;0.000000;12408
1364;0.000000;12415
1371;0.000000;12422
1378;0.000000;12429
1385;0.000000;12436
1392;0.000000;12443
1399;0.000000;12450
1406;0.000000;12457
1413;0.000000;12464
1420;0.000000;12471
1427;0.000000;12478
1434;0.000000;12485
1442;0.000000;12493
1449;0.000000;12500
1456;0.000000;12507
1463;0.000000;12514
1470;0.000000;12521
1477;0.000000;12528
1484;0.000000;12535
1491;0.000000;12542
1498;0.000000;12549
1506;0.000000;12557
1513;0.000000;12564
1521;0.000000;12572
1528;0.000000;12579
1536;0.000000;12587
1543;0.000000;12594
1550;0.000000;12601
1557;0.000000;12608
1564;0.000000;12615
1571;0.000000;12622
1578;0.000000;12629
1585;0.000000;12636
1592;0.000000;12643
1599;0.000000;12650
1606;0.000000;12657
1613;0.000000;12664
1620;0.000000;12671
1627;0.000000;12678
1634;0.000000;12685
1641;0.000000;12692
1648;0.000000;12699
1655;0.000000;12706
1662;0.000000;12713
1669;0.000000;12720
1676;0.000000;12727
1683;0.000000;12734
1690;0.000000;12741
1697;0.000000;12748
1704;0.000000;12755
1711;0.000000;12762
1718;0.000000;12769
1725;0.000000;12776
1732;0.000000;12783
1739;0.000000;12790
1746;0.000000;12797
1753;0.000000;12804
1760;0.000000;12811
1767;0.000000;12818
1774;0.000000;12825
1781;0.000000;12832
1788;0.000000;12839
1795;0.000000;12846
1802;0.000000;12853
1809;0.000000;12860
1816;0.000000;12867
1823;0.000000;12874
1830;0.000000;12881
1837;0.000000;12888
1844;0.000000;12895
1851;0.000000;12902
1858;0.000000;12909
1865;0.000000;12916
1872;0.000000;12923
1879;0.000000;12930
1886;0.000000;12937
1893;0.000000;12944
1900;1.000000;12951
1907;1.000000;12958
1914;1.000000;12965
1921;1.000000;12972
1928;1.000000;12979
1935;1.000000;12986
1942;1.000000;12993
1949;1.000000;13000
1957;1.000000;13008
1964;1.000000;13015
1971;1.000000;13022
1978;1.000000;13029
1985;1.000000;13036
1992;1.000000;13043
1999;1.000000;13050
2006;1.000000;13057
2013;1.000000;13064
2020;1.000000;13071
2027;1.000000;13078
2034;1.000000;13085
2041;1.000000;13092
2048;1.000000;13099
2055;1.000000;13106
2062;1.000000;13113
2069;1.000000;13120
2076;1.000000;13127
2083;1.000000;13134
2090;1.000000;13141
2097;1.000000;13148
2104;1.000000;13155
2111;1.000000;13162
2118;1.000000;13169
2125;1.000000;13176
2132;1.000000;13183
2139;1.000000;13190
2146;1.000000;13197
2153;1.000000;13204
2160;1.000000;13211
2168;1.000000;13219
2175;1.000000;13226
2182;1.000000;13233
2189;1.000000;13240
2196;1.000000;13247
2203;1.000000;13254
2210;1.000000;13261
2217;1.000000;13268
2224;1.000000;13275
2231;1.000000;13282
2238;1.000000;13289
2245;1.000000;13296
2252;1.000000;13303
2259;1.000000;13310
2266;1.000000;13317
2273;1.000000;13324
2280;1.000000;13331
2287;1.000000;13338
2294;1.000000;13345
2301;1.000000;13352
2308;1.000000;13359
2315;1.000000;13366
2322;1.000000;13373
2329;1.000000;13380
2336;1.000000;13387
2343;1.000000;13394
2350;1.000000;13401
2357;1.000000;13408
2364;1.000000;13415
2371;1.000000;13422
2378;1.000000;13429
2385;1.000000;13436
2392;1.000000;13443
2399;1.000000;13450
2406;1.000000;13457
2413;1.000000;13464
2420;1.000000;13471
2427;1.000000;13478
2434;1.000000;13485
2441;1.000000;13492
2448;1.000000;13499
2455;1.000000;13506
2462;1.000000;13513
2469;1.000000;13520
2476;1.000000;13527
2483;1.000000;13534
2490;1.000000;13541
2497;1.000000;13548
2504;1.000000;13555
2511;1.000000;13562
2518;1.000000;13569
2525;1.000000;13576
2532;1.000000;13583
2539;1.000000;13590
2546;1.000000;13597
2553;1.000000;13604
2560;1.000000;13611
2567;1.000000;13618
2574;1.000000;13625
2581;1.000000;13632
2588;1.000000;13639
2595;1.000000;13646
2602;1.000000;13653
2609;1.000000;13660
2616;1.000000;13667
2623;1.000000;13674
2630;1.000000;13681
2637;1.000000;13688
2644;1.000000;13695
2651;1.000000;13702
2658;1.000000;13709
2665;1.000000;13716
2672;1.000000;13723
2679;1.000000;13730
2686;1.000000;13737
2693;1.000000;13744
2700;1.000000;13751
2707;1.000000;13758
2714;1.000000;13765
2721;1.000000;13772
2728;1.000000;13779
2735;1.000000;13786
2742;1.000000;13793
2749;1.000000;13800
2756;1.000000;13807
2763;1.000000;13814
2771;1.000000;13822
2778;1.000000;13829
2785;1.000000;13836
2792;1.000000;13843
2799;1.000000;13850
2806;1.000000;13857
2813;1.000000;13864
2820;1.000000;13871
2827;1.000000;13878
2834;1.000000;13885
2841;1.000000;13892
2848;1.000000;13899
2856;1.000000;13907
2864;1.000000;13915
2872;1.000000;13923
2880;1.000000;13931
2888;1.000000;13939
2896;1.000000;13947
2904;1.000000;13955
2912;1.000000;13963
2920;1.000000;13971
2928;1.000000;13979
2936;1.000000;13987
2944;1.000000;13995
2952;1.000000;14003
2961;1.000000;14012
2970;1.000000;14021
2978;1.000000;14029
2987;1.000000;14038
2995;1.000000;14046
3004;1.000000;14055
3012;1.000000;14063
3021;1.000000;14072
3030;1.000000;14081
3039;1.000000;14090
3048;1.000000;14099
3057;1.000000;14108
3066;1.000000;14117
3075;1.000000;14126
3084;1.000000;14135
3093;1.000000;14144
3102;1.000000;14153
3111;1.000000;14162
3120;1.000000;14171
3129;1.000000;14180
3138;1.000000;14189
3147;1.000000;14198
3156;1.000000;14207
3165;1.000000;14216
3174;1.000000;14225
3183;1.000000;14234
3192;1.000000;14243
3201;1.000000;14252
3210;1.000000;14261
3219;1.000000;14270
3228;1.000000;14279
3237;1.000000;14288
3246;1.000000;14297
3255;1.000000;14306
3264;1.000000;14315
3273;1.000000;14324
3282;1.000000;14333
3291;1.000000;14342
3300;1.000000;14351
3309;1.000000;14360
3318;1.000000;14369
3327;1.000000;14378
3336;1.000000;14387
3345;1.000000;14396
3354;1.000000;14405
3363;1.000000;14414
3372;1.000000;14423
3381;1.000000;14432
3390;1.000000;14441
3399;1.000000;14450
3407;1.000000;14458
3416;1.000000;14467
3425;1.000000;14476
3434;1.000000;14485
3443;1.000000;14494
3452;1.000000;14503
3461;1.000000;14512
3470;1.000000;14521
3479;1.000000;14530
3488;1.000000;14539
3496;1.000000;14547
3505;1.000000;14556
3514;1.000000;14565
3523;1.000000;14574
3532;1.000000;14583
3540;1.000000;14591
3549;1.000000;14600
3557;1.000000;14608
3566;1.000000;14617
3575;1.000000;14626
3583;1.000000;14634
3592;1.000000;14643
3600;1.000000;14651
3609;1.000000;14660
3617;1.000000;14668
3626;1.000000;14677
3634;1.000000;14685
3643;0.000000;14694
3651;0.000000;14702
3660;0.000000;14711
3668;0.000000;14719
3677;0.000000;14728
3685;0.000000;14736
3694;0.000000;14745
3702;0.000000;14753
3711;0.000000;14762
3719;0.000000;14770
3728;0.000000;14779
3736;0.000000;14787
3745;0.000000;14796
3753;0.000000;14804
3762;0.000000;14813
3770;0.000000;14821
3779;0.000000;14830
3787;0.000000;14838
3796;0.000000;14847
3804;0.000000;14855
3813;0.000000;14864
3821;0.000000;14872
3830;0.000000;14881
3838;0.000000;14889
3847;0.000000;14898
3855;0.000000;14906
3864;0.000000;14915
3872;0.000000;14923
3881;0.000000;14932
3889;0.000000;14940
3898;0.000000;14949
3906;0.000000;14957
3915;0.000000;14966
3923;0.000000;14974
3932;0.000000;14983
3940;0.000000;14991
3949;0.000000;15000
3957;0.000000;15008
3966;0.000000;15017
3974;0.000000;15025
3983;0.000000;15034
3991;0.000000;15042
4000;0.000000;15051
4008;0.000000;15059
4017;0.000000;15068
4025;0.000000;15076
4034;0.000000;15085
4042;0.000000;15093
4051;0.000000;15102
4059;0.000000;15110
4068;0.000000;15119
4076;0.000000;15127
4085;0.000000;15136
4093;0.000000;15144
4102;0.000000;15153
4110;0.000000;15161
4119;0.000000;15170
4127;0.000000;15178
4136;0.000000;15187
4144;0.000000;15195
4153;0.000000;15204
4161;0.000000;15212
4170;0.000000;15221
4178;0.000000;15229
4187;0.000000;15238
4195;0.000000;15246
4204;0.000000;15255
4212;0.000000;15263
4221;0.000000;15272
4229;0.000000;15280
4238;0.000000;15289
4246;0.000000;15297
4255;0.000000;15306
4263;0.000000;15314
4272;0.000000;15323
4280;0.000000;15331
4289;0.000000;15340
4297;0.000000;15348
4306;0.000000;15357
4314;0.000000;15365
4323;0.000000;15374
4331;0.000000;15382
4340;0.000000;15391
4348;0.000000;15399
4355;0.000000;15406
4363;0.000000;15414
4371;0.000000;15422
4379;0.000000;15430
4387;0.000000;15438
4395;0.000000;15446
4403;0.000000;15454
4411;0.000000;15462
4419;0.000000;15470
4427;0.000000;15478
4435;0.000000;15486
4443;0.000000;15494
4451;0.000000;15502
4459;0.000000;15510
4467;0.000000;15518
4475;0.000000;15526
4483;0.000000;15534
4491;0.000000;15542
4499;0.000000;15550
4508;0.000000;15559
4516;0.000000;15567
4524;0.000000;15575
4532;0.000000;15583
4540;0.000000;15591
4548;0.000000;15599
4557;0.000000;15608
4565;0.000000;15616
4573;0.000000;15624
4581;0.000000;15632
4589;0.000000;15640
4597;0.000000;15648
4605;0.000000;15656
4613;0.000000;15664
4622;0.000000;15673
4630;0.000000;15681
4637;0.000000;15688
4644;0.000000;15695
4653;0.000000;15704
4662;0.000000;15713
4671;0.000000;15722
4680;0.000000;15731
4688;0.000000;15739
4696;0.000000;15747
4704;0.000000;15755
4712;0.000000;15763
4720;0.000000;15771
4728;0.000000;15779
4736;0.000000;15787
4744;0.000000;15795
4752;0.000000;15803
4760;0.000000;15811
4768;0.000000;15819
4776;0.000000;15827
4784;0.000000;15835
4791;0.000000;15842
4800;0.000000;15851
4809;0.000000;15860
4817;0.000000;15868
4826;0.000000;15877
4834;0.000000;15885
4842;0.000000;15893
4850;0.000000;15901
4858;0.000000;15909
4866;0.000000;15917
4874;0.000000;15925
4882;0.000000;15933
4890;0.000000;15941
4898;0.000000;15949
4906;0.000000;15957
4914;0.000000;15965
4923;0.000000;15974
4931;0.000000;15982
4940;0.000000;15991
4948;0.000000;15999
4956;0.000000;16007
4964;0.000000;16015
4973;0.000000;16024
4980;0.000000;16031
4989;0.000000;16040
4996;0.000000;16047
5005;0.000000;16056
5012;0.000000;16063
5020;0.000000;16071
5029;0.000000;16080
5037;0.000000;16088
5044;0.000000;16095
5053;0.000000;16104
5061;0.000000;16112
5069;0.000000;16120
5077;0.000000;16128
5085;0.000000;16136
5093;0.000000;16144
5102;0.000000;16153
5110;0.000000;16161
5119;0.000000;16170
5127;0.000000;16178
5134;0.000000;16185
5142;0.000000;16193
5150;0.000000;16201
5158;0.000000;16209
5166;0.000000;16217
5174;0.000000;16225
5182;0.000000;16233
5190;0.000000;16241
5198;0.000000;16249
5207;0.000000;16258
5216;0.000000;16267
5224;0.000000;16275
5231;0.000000;16282
5238;0.000000;16289
5246;0.000000;16297
5254;0.000000;16305
5262;0.000000;16313
5270;0.000000;16321
5279;0.000000;16330
5287;0.000000;16338
5294;0.000000;16345
5301;0.000000;16352
5309;0.000000;16360
5317;0.000000;16368
5326;0.000000;16377
5336;0.000000;16387
5344;0.000000;16395
5352;0.000000;16403
5359;0.000000;16410
5367;0.000000;16418
5376;0.000000;16427
5385;0.000000;16436
5392;0.000000;16443
5400;0.000000;16451
5408;0.000000;16459
5416;0.000000;16467
5425;0.000000;16476
5432;0.000000;16483
5440;0.000000;16491
5447;0.000000;16498
5457;0.000000;16508
5465;0.000000;16516
5472;0.000000;16523
5480;0.000000;16531
5488;0.000000;16539
5495;0.000000;16546
5502;0.000000;16553
5509;0.000000;16560
5517;0.000000;16568
5524;0.000000;16575
5531;0.000000;16582
5539;0.000000;16590
5547;0.000000;16598
5555;0.000000;16606
5563;0.000000;16614
5571;0.000000;16622
5580;0.000000;16631
5588;0.000000;16639
5597;0.000000;16648
5604;0.000000;16655
5612;0.000000;16663
5620;0.000000;16671
5628;0.000000;16679
5635;0.000000;16686
5643;0.000000;16694
5652;0.000000;16703
5660;0.000000;16711
5667;0.000000;16718
5674;0.000000;16725
5682;0.000000;16733
5690;0.000000;16741
5697;0.000000;16748
5705;0.000000;16756
5713;0.000000;16764
5722;0.000000;16773
5730;0.000000;16781
5737;0.000000;16788
5744;0.000000;16795
5752;0.000000;16803
5759;0.000000;16810
5766;0.000000;16817
5774;0.000000;16825
5782;0.000000;16833
5789;0.000000;16840
5797;0.000000;16848
5805;0.000000;16856
5813;0.000000;16864
5820;0.000000;16871
5828;0.000000;16879
