ID;VALUE;TIMESTAMP
0;0.000000;11051
1;0.000000;11052
2;0.000000;11053
3;0.000000;11054
4;0.000000;11055
5;0.000000;11056
6;0.000000;11057
7;0.000000;11058
8;0.000000;11059
9;0.000000;11060
10;0.000000;11061
11;0.000000;11062
12;0.000000;11063
13;0.000000;11064
14;0.000000;11065
15;0.000000;11066
16;0.000000;11067
17;0.000000;11068
18;0.000000;11069
19;0.000000;11070
20;0.000000;11071
21;0.000000;11072
22;0.000000;11073
23;0.000000;11074
24;0.000000;11075
25;0.000000;11076
26;0.000000;11077
27;0.000000;11078
28;0.000000;11079
29;0.000000;11080
30;0.000000;11081
31;0.000000;11082
32;0.000000;11083
33;0.000000;11084
34;0.000000;11085
35;0.000000;11086
36;0.000000;11087
37;0.000000;11088
38;0.000000;11089
39;0.000000;11090
40;0.000000;11091
41;0.000000;11092
42;0.000000;11093
43;0.000000;11094
44;0.000000;11095
45;0.000000;11096
46;0.000000;11097
47;0.000000;11098
48;0.000000;11099
49;0.000000;11100
50;0.000000;11101
51;0.000000;11102
52;0.000000;11103
53;0.000000;11104
54;0.000000;11105
55;0.000000;11106
56;0.000000;11107
57;0.000000;11108
58;0.000000;11109
59;0.000000;11110
60;0.000000;11111
61;0.000000;11112
62;0.000000;11113
63;0.000000;11114
64;0.000000;11115
65;0.000000;11116
66;0.000000;11117
67;0.000000;11118
68;0.000000;11119
69;0.000000;11120
70;0.000000;11121
71;0.000000;11122
72;0.000000;11123
73;0.000000;11124
74;0.000000;11125
75;0.000000;11126
76;0.000000;11127
77;0.000000;11128
78;0.000000;11129
79;0.000000;11130
80;0.000000;11131
81;0.000000;11132
82;0.000000;11133
83;0.000000;11134
84;0.000000;11135
85;0.000000;11136
86;0.000000;11137
87;0.000000;11138
88;0.000000;11139
89;0.000000;11140
90;0.000000;11141
91;0.000000;11142
92;0.000000;11143
93;0.000000;11144
94;0.000000;11145
95;0.000000;11146
96;0.000000;11147
97;0.000000;11148
98;0.000000;11149
99;0.000000;11150
100;0.000000;11151
101;0.000000;11152
102;0.000000;11153
103;0.000000;11154
104;0.000000;11155
105;0.000000;11156
106;0.000000;11157
107;0.000000;11158
108;0.000000;11159
109;0.000000;11160
110;0.000000;11161
111;0.000000;11162
112;0.000000;11163
113;0.000000;11164
114;0.000000;11165
115;0.000000;11166
116;0.000000;11167
117;0.000000;11168
118;0.000000;11169
119;0.000000;11170
120;0.000000;11171
121;0.000000;11172
122;0.000000;11173
123;0.000000;11174
124;0.000000;11175
125;0.000000;11176
126;0.000000;11177
127;0.000000;11178
128;0.000000;11179
129;0.000000;11180
130;0.000000;11181
131;0.000000;11182
132;0.000000;11183
133;0.000000;11184
134;0.000000;11185
135;0.000000;11186
136;0.000000;11187
137;0.000000;11188
138;0.000000;11189
139;0.000000;11190
140;0.000000;11191
141;0.000000;11192
142;0.000000;11193
143;0.000000;11194
144;0.000000;11195
145;0.000000;11196
146;0.000000;11197
147;0.000000;11198
148;0.000000;11199
149;0.000000;11200
150;0.000000;11201
151;0.000000;11202
152;0.000000;11203
153;0.000000;11204
154;0.000000;11205
155;0.000000;11206
156;0.000000;11207
157;0.000000;11208
158;0.000000;11209
159;0.000000;11210
160;0.000000;11211
161;0.000000;11212
162;0.000000;11213
163;0.000000;11214
164;0.000000;11215
165;0.000000;11216
166;0.000000;11217
167;0.000000;11218
168;0.000000;11219
169;0.000000;11220
170;0.000000;11221
171;0.000000;11222
172;0.000000;11223
173;0.000000;11224
174;0.000000;11225
175;0.000000;11226
176;0.000000;11227
177;0.000000;11228
178;0.000000;11229
179;0.000000;11230
180;0.000000;11231
181;0.000000;11232
182;0.000000;11233
183;0.000000;11234
184;0.000000;11235
185;0.000000;11236
186;0.000000;11237
187;0.000000;11238
188;0.000000;11239
189;0.000000;11240
190;0.000000;11241
191;0.000000;11242
192;0.000000;11243
193;0.000000;11244
194;0.000000;11245
195;0.000000;11246
196;0.000000;11247
197;0.000000;11248
198;0.000000;11249
199;0.000000;11250
200;0.000000;11251
201;0.000000;11252
202;0.000000;11253
203;0.000000;11254
204;0.000000;11255
205;0.000000;11256
206;0.000000;11257
207;0.000000;11258
208;0.000000;11259
209;0.000000;11260
210;0.000000;11261
211;0.000000;11262
212;0.000000;11263
213;0.000000;11264
214;0.000000;11265
215;0.000000;11266
216;0.000000;11267
217;0.000000;11268
218;0.000000;11269
219;0.000000;11270
220;0.000000;11271
221;0.000000;11272
222;0.000000;11273
223;0.000000;11274
224;0.000000;11275
225;0.000000;11276
226;0.000000;11277
227;0.000000;11278
228;0.000000;11279
229;0.000000;11280
230;0.000000;11281
231;0.000000;11282
232;0.000000;11283
233;0.000000;11284
234;0.000000;11285
235;0.000000;11286
236;0.000000;11287
237;0.000000;11288
238;0.000000;11289
239;0.000000;11290
240;0.000000;11291
241;0.000000;11292
242;0.000000;11293
243;0.000000;11294
244;0.000000;11295
245;0.000000;11296
246;0.000000;11297
247;0.000000;11298
248;0.000000;11299
249;0.000000;11300
250;0.000000;11301
251;0.000000;11302
252;0.000000;11303
253;0.000000;11304
254;0.000000;11305
255;0.000000;11306
256;0.000000;11307
257;0.000000;11308
258;0.000000;11309
259;0.000000;11310
260;0.000000;11311
261;0.000000;11312
262;0.000000;11313
263;0.000000;11314
264;0.000000;11315
265;0.000000;11316
266;0.000000;11317
267;0.000000;11318
268;0.000000;11319
269;0.000000;11320
270;0.000000;11321
271;0.000000;11322
272;0.000000;11323
273;0.000000;11324
274;0.000000;11325
275;0.000000;11326
276;0.000000;11327
277;0.000000;11328
278;0.000000;11329
279;0.000000;11330
280;0.000000;11331
281;0.000000;11332
282;0.000000;11333
283;0.000000;11334
284;0.000000;11335
285;0.000000;11336
286;0.000000;11337
287;0.000000;11338
288;0.000000;11339
289;0.000000;11340
290;0.000000;11341
291;0.000000;11342
292;0.000000;11343
293;0.000000;11344
294;0.000000;11345
295;0.000000;11346
296;0.000000;11347
297;0.000000;11348
298;0.000000;11349
299;0.000000;11350
300;0.000000;11351
301;0.000000;11352
302;0.000000;11353
303;0.000000;11354
304;0.000000;11355
305;0.000000;11356
306;0.000000;11357
307;0.000000;11358
308;0.000000;11359
309;0.000000;11360
310;0.000000;11361
311;0.000000;11362
312;0.000000;11363
313;0.000000;11364
314;0.000000;11365
315;0.000000;11366
316;0.000000;11367
317;0.000000;11368
318;0.000000;11369
319;0.000000;11370
320;0.000000;11371
321;0.000000;11372
322;0.000000;11373
323;0.000000;11374
324;0.000000;11375
325;0.000000;11376
326;0.000000;11377
327;0.000000;11378
328;0.000000;11379
329;0.000000;11380
330;0.000000;11381
331;0.000000;11382
332;0.000000;11383
333;0.000000;11384
334;0.000000;11385
335;0.000000;11386
336;0.000000;11387
337;0.000000;11388
338;0.000000;11389
339;0.000000;11390
340;0.000000;11391
341;0.000000;11392
342;0.000000;11393
343;0.000000;11394
344;0.000000;11395
345;0.000000;11396
346;0.000000;11397
347;0.000000;11398
348;0.000000;11399
349;0.000000;11400
350;0.000000;11401
351;0.000000;11402
352;0.000000;11403
353;0.000000;11404
354;0.000000;11405
355;0.000000;11406
356;0.000000;11407
357;0.000000;11408
358;0.000000;11409
359;0.000000;11410
360;0.000000;11411
361;0.000000;11412
362;0.000000;11413
363;0.000000;11414
364;0.000000;11415
365;0.000000;11416
366;0.000000;11417
367;0.000000;11418
368;0.000000;11419
369;0.000000;11420
370;0.000000;11421
371;0.000000;11422
372;0.000000;11423
373;0.000000;11424
374;0.000000;11425
375;0.000000;11426
376;0.000000;11427
377;0.000000;11428
378;0.000000;11429
379;0.000000;11430
380;0.000000;11431
381;0.000000;11432
382;0.000000;11433
383;0.000000;11434
384;0.000000;11435
385;0.000000;11436
386;0.000000;11437
387;0.000000;11438
388;0.000000;11439
389;0.000000;11440
390;0.000000;11441
391;0.000000;11442
392;0.000000;11443
393;0.000000;11444
394;0.000000;11445
395;0.000000;11446
396;0.000000;11447
397;0.000000;11448
398;0.000000;11449
399;0.000000;11450
400;0.000000;11451
401;0.000000;11452
402;0.000000;11453
403;0.000000;11454
404;0.000000;11455
405;0.000000;11456
406;0.000000;11457
407;0.000000;11458
408;0.000000;11459
409;0.000000;11460
410;0.000000;11461
411;0.000000;11462
412;0.000000;11463
413;0.000000;11464
414;0.000000;11465
415;0.000000;11466
416;0.000000;11467
417;0.000000;11468
418;0.000000;11469
419;0.000000;11470
420;0.000000;11471
421;0.000000;11472
422;0.000000;11473
423;0.000000;11474
424;0.000000;11475
425;0.000000;11476
426;0.000000;11477
427;0.000000;11478
428;0.000000;11479
429;0.000000;11480
430;0.000000;11481
431;0.000000;11482
432;0.000000;11483
433;0.000000;11484
434;0.000000;11485
435;0.000000;11486
436;0.000000;11487
437;0.000000;11488
438;0.000000;11489
439;0.000000;11490
440;0.000000;11491
441;0.000000;11492
442;0.000000;11493
443;0.000000;11494
444;0.000000;11495
445;0.000000;11496
446;0.000000;11497
447;0.000000;11498
448;0.000000;11499
449;0.000000;11500
450;0.000000;11501
451;0.000000;11502
452;0.000000;11503
453;0.000000;11504
454;0.000000;11505
455;0.000000;11506
456;0.000000;11507
457;0.000000;11508
458;0.000000;11509
459;0.000000;11510
460;0.000000;11511
461;0.000000;11512
462;0.000000;11513
463;0.000000;11514
464;0.000000;11515
465;0.000000;11516
466;0.000000;11517
467;0.000000;11518
468;0.000000;11519
469;0.000000;11520
470;0.000000;11521
471;0.000000;11522
472;0.000000;11523
473;0.000000;11524
474;0.000000;11525
475;0.000000;11526
476;0.000000;11527
477;0.000000;11528
478;0.000000;11529
479;0.000000;11530
480;0.000000;11531
481;0.000000;11532
482;0.000000;11533
483;0.000000;11534
484;0.000000;11535
485;0.000000;11536
486;0.000000;11537
487;0.000000;11538
488;0.000000;11539
489;0.000000;11540
490;0.000000;11541
491;0.000000;11542
492;0.000000;11543
493;0.000000;11544
494;0.000000;11545
495;0.000000;11546
496;0.000000;11547
497;0.000000;11548
498;0.000000;11549
499;0.000000;11550
500;0.000000;11551
501;0.000000;11552
502;0.000000;11553
503;0.000000;11554
504;0.000000;11555
505;0.000000;11556
506;0.000000;11557
507;0.000000;11558
508;0.000000;11559
509;0.000000;11560
510;0.000000;11561
511;0.000000;11562
512;0.000000;11563
513;0.000000;11564
514;0.000000;11565
515;0.000000;11566
516;0.000000;11567
517;0.000000;11568
518;0.000000;11569
519;0.000000;11570
520;0.000000;11571
521;0.000000;11572
522;0.000000;11573
523;0.000000;11574
524;0.000000;11575
525;0.000000;11576
526;0.000000;11577
527;0.000000;11578
528;0.000000;11579
529;0.000000;11580
530;0.000000;11581
531;0.000000;11582
532;0.000000;11583
533;0.000000;11584
534;0.000000;11585
535;0.000000;11586
536;0.000000;11587
537;0.000000;11588
538;0.000000;11589
539;0.000000;11590
540;0.000000;11591
541;0.000000;11592
542;0.000000;11593
543;0.000000;11594
544;0.000000;11595
545;0.000000;11596
546;0.000000;11597
547;0.000000;11598
548;0.000000;11599
549;0.000000;11600
550;0.000000;11601
551;0.000000;11602
552;0.000000;11603
553;0.000000;11604
554;0.000000;11605
555;0.000000;11606
556;0.000000;11607
557;0.000000;11608
558;0.000000;11609
559;0.000000;11610
560;0.000000;11611
561;0.000000;11612
562;0.000000;11613
563;0.000000;11614
564;0.000000;11615
565;0.000000;11616
566;0.000000;11617
567;0.000000;11618
568;0.000000;11619
569;0.000000;11620
570;0.000000;11621
571;0.000000;11622
572;0.000000;11623
573;0.000000;11624
574;0.000000;11625
575;0.000000;11626
576;0.000000;11627
577;0.000000;11628
578;0.000000;11629
579;0.000000;11630
580;0.000000;11631
581;0.000000;11632
582;0.000000;11633
583;0.000000;11634
584;0.000000;11635
585;0.000000;11636
586;0.000000;11637
587;0.000000;11638
588;0.000000;11639
589;0.000000;11640
590;0.000000;11641
591;0.000000;11642
592;0.000000;11643
593;0.000000;11644
594;0.000000;11645
595;0.000000;11646
596;0.000000;11647
597;0.000000;11648
598;0.000000;11649
599;0.000000;11650
600;0.000000;11651
601;0.000000;11652
602;0.000000;11653
603;0.000000;11654
604;0.000000;11655
605;0.000000;11656
606;0.000000;11657
607;0.000000;11658
608;0.000000;11659
609;0.000000;11660
610;0.000000;11661
611;0.000000;11662
612;0.000000;11663
613;0.000000;11664
614;0.000000;11665
615;0.000000;11666
616;0.000000;11667
617;0.000000;11668
618;0.000000;11669
619;0.000000;11670
620;0.000000;11671
621;0.000000;11672
622;0.000000;11673
623;0.000000;11674
624;0.000000;11675
625;0.000000;11676
626;0.000000;11677
627;0.000000;11678
628;0.000000;11679
629;0.000000;11680
630;0.000000;11681
631;0.000000;11682
632;0.000000;11683
633;0.000000;11684
634;0.000000;11685
635;0.000000;11686
636;0.000000;11687
637;0.000000;11688
638;0.000000;11689
639;0.000000;11690
640;0.000000;11691
641;0.000000;11692
642;0.000000;11693
643;0.000000;11694
644;0.000000;11695
645;0.000000;11696
646;0.000000;11697
647;0.000000;11698
648;0.000000;11699
649;0.000000;11700
650;0.000000;11701
651;0.000000;11702
652;0.000000;11703
653;0.000000;11704
654;0.000000;11705
655;0.000000;11706
656;0.000000;11707
657;0.000000;11708
658;0.000000;11709
659;0.000000;11710
660;0.000000;11711
661;0.000000;11712
662;0.000000;11713
663;0.000000;11714
664;0.000000;11715
665;0.000000;11716
666;0.000000;11717
667;0.000000;11718
668;0.000000;11719
669;0.000000;11720
670;0.000000;11721
671;0.000000;11722
672;0.000000;11723
673;0.000000;11724
674;0.000000;11725
675;0.000000;11726
676;0.000000;11727
677;0.000000;11728
678;0.000000;11729
679;0.000000;11730
680;0.000000;11731
681;0.000000;11732
682;0.000000;11733
683;0.000000;11734
684;0.000000;11735
685;0.000000;11736
686;0.000000;11737
687;0.000000;11738
688;0.000000;11739
689;0.000000;11740
690;0.000000;11741
691;0.000000;11742
692;0.000000;11743
693;0.000000;11744
694;0.000000;11745
695;0.000000;11746
696;0.000000;11747
697;0.000000;11748
698;0.000000;11749
699;0.000000;11750
700;0.000000;11751
701;0.000000;11752
702;0.000000;11753
703;0.000000;11754
704;0.000000;11755
705;0.000000;11756
706;0.000000;11757
707;0.000000;11758
708;0.000000;11759
709;0.000000;11760
710;0.000000;11761
711;0.000000;11762
712;0.000000;11763
713;0.000000;11764
714;0.000000;11765
715;0.000000;11766
716;0.000000;11767
717;0.000000;11768
718;0.000000;11769
719;0.000000;11770
720;0.000000;11771
721;0.000000;11772
722;0.000000;11773
723;0.000000;11774
724;0.000000;11775
725;0.000000;11776
726;0.000000;11777
727;0.000000;11778
728;0.000000;11779
729;0.000000;11780
730;0.000000;11781
731;0.000000;11782
732;0.000000;11783
733;0.000000;11784
734;0.000000;11785
735;0.000000;11786
736;0.000000;11787
737;0.000000;11788
738;0.000000;11789
739;0.000000;11790
740;0.000000;11791
741;0.000000;11792
742;0.000000;11793
743;0.000000;11794
744;0.000000;11795
745;0.000000;11796
746;0.000000;11797
747;0.000000;11798
748;0.000000;11799
749;0.000000;11800
750;0.000000;11801
751;0.000000;11802
752;0.000000;11803
753;0.000000;11804
754;0.000000;11805
755;0.000000;11806
756;0.000000;11807
757;0.000000;11808
758;0.000000;11809
759;0.000000;11810
760;0.000000;11811
761;0.000000;11812
762;0.000000;11813
763;0.000000;11814
764;0.000000;11815
765;0.000000;11816
766;0.000000;11817
767;0.000000;11818
768;0.000000;11819
769;0.000000;11820
770;0.000000;11821
771;0.000000;11822
772;0.000000;11823
773;0.000000;11824
774;0.000000;11825
775;0.000000;11826
776;0.000000;11827
777;0.000000;11828
778;0.000000;11829
779;0.000000;11830
780;0.000000;11831
781;0.000000;11832
782;0.000000;11833
783;0.000000;11834
784;0.000000;11835
785;0.000000;11836
786;0.000000;11837
787;0.000000;11838
788;0.000000;11839
789;0.000000;11840
790;0.000000;11841
791;0.000000;11842
792;0.000000;11843
793;0.000000;11844
794;0.000000;11845
795;0.000000;11846
796;0.000000;11847
797;0.000000;11848
798;0.000000;11849
799;0.000000;11850
800;0.000000;11851
801;0.000000;11852
802;0.000000;11853
803;0.000000;11854
804;0.000000;11855
805;0.000000;11856
806;0.000000;11857
807;0.000000;11858
808;0.000000;11859
809;0.000000;11860
810;0.000000;11861
811;0.000000;11862
812;0.000000;11863
813;0.000000;11864
814;0.000000;11865
815;0.000000;11866
816;0.000000;11867
817;0.000000;11868
818;0.000000;11869
819;0.000000;11870
820;0.000000;11871
821;0.000000;11872
822;0.000000;11873
823;0.000000;11874
824;0.000000;11875
825;0.000000;11876
826;0.000000;11877
827;0.000000;11878
828;0.000000;11879
829;0.000000;11880
830;0.000000;11881
831;0.000000;11882
832;0.000000;11883
833;0.000000;11884
834;0.000000;11885
835;0.000000;11886
836;0.000000;11887
837;0.000000;11888
838;0.000000;11889
839;0.000000;11890
840;0.000000;11891
841;0.000000;11892
842;0.000000;11893
843;0.000000;11894
844;0.000000;11895
845;0.000000;11896
846;0.000000;11897
847;0.000000;11898
848;0.000000;11899
849;0.000000;11900
850;0.000000;11901
851;0.000000;11902
852;0.000000;11903
853;0.000000;11904
854;0.000000;11905
855;0.000000;11906
856;0.000000;11907
857;0.000000;11908
858;0.000000;11909
859;0.000000;11910
860;0.000000;11911
861;0.000000;11912
862;0.000000;11913
863;0.000000;11914
864;0.000000;11915
865;0.000000;11916
866;0.000000;11917
867;0.000000;11918
868;0.000000;11919
869;0.000000;11920
870;0.000000;11921
871;0.000000;11922
872;0.000000;11923
873;0.000000;11924
874;0.000000;11925
875;0.000000;11926
876;0.000000;11927
877;0.000000;11928
878;0.000000;11929
879;0.000000;11930
880;0.000000;11931
881;0.000000;11932
882;0.000000;11933
883;0.000000;11934
884;0.000000;11935
885;0.000000;11936
886;0.000000;11937
887;0.000000;11938
888;0.000000;11939
889;0.000000;11940
890;0.000000;11941
891;0.000000;11942
892;0.000000;11943
893;0.000000;11944
894;0.000000;11945
895;0.000000;11946
896;0.000000;11947
897;0.000000;11948
898;0.000000;11949
899;0.000000;11950
900;0.000000;11951
901;0.000000;11952
902;0.000000;11953
903;0.000000;11954
904;0.000000;11955
905;0.000000;11956
906;0.000000;11957
907;0.000000;11958
908;0.000000;11959
909;0.000000;11960
910;0.000000;11961
911;0.000000;11962
912;0.000000;11963
913;0.000000;11964
914;0.000000;11965
915;0.000000;11966
916;0.000000;11967
917;0.000000;11968
918;0.000000;11969
919;0.000000;11970
920;0.000000;11971
921;0.000000;11972
922;0.000000;11973
923;0.000000;11974
924;0.000000;11975
925;0.000000;11976
926;0.000000;11977
927;0.000000;11978
928;0.000000;11979
929;0.000000;11980
930;0.000000;11981
931;0.000000;11982
932;0.000000;11983
933;0.000000;11984
934;0.000000;11985
935;0.000000;11986
936;0.000000;11987
937;0.000000;11988
938;0.000000;11989
939;0.000000;11990
940;0.000000;11991
941;0.000000;11992
942;0.000000;11993
943;0.000000;11994
944;0.000000;11995
945;0.000000;11996
946;0.000000;11997
947;0.000000;11998
948;0.000000;11999
949;0.000000;12000
950;0.000000;12001
951;0.000000;12002
952;0.000000;12003
953;0.000000;12004
954;0.000000;12005
955;0.000000;12006
956;0.000000;12007
957;0.000000;12008
958;0.000000;12009
959;0.000000;12010
960;0.000000;12011
961;0.000000;12012
962;0.000000;12013
963;0.000000;12014
964;0.000000;12015
965;0.000000;12016
966;0.000000;12017
967;0.000000;12018
968;0.000000;12019
969;0.000000;12020
970;0.000000;12021
971;0.000000;12022
972;0.000000;12023
973;0.000000;12024
974;0.000000;12025
975;0.000000;12026
976;0.000000;12027
977;0.000000;12028
978;0.000000;12029
979;0.000000;12030
980;0.000000;12031
981;0.000000;12032
982;0.000000;12033
983;0.000000;12034
984;0.000000;12035
985;0.000000;12036
986;0.000000;12037
987;0.000000;12038
988;0.000000;12039
989;0.000000;12040
990;0.000000;12041
991;0.000000;12042
992;0.000000;12043
993;0.000000;12044
994;0.000000;12045
995;0.000000;12046
996;0.000000;12047
997;0.000000;12048
998;0.000000;12049
999;0.000000;12050
1000;0.000000;12051
1001;0.000000;12052
1002;0.000000;12053
1003;0.000000;12054
1004;0.000000;12055
1005;0.000000;12056
1006;0.000000;12057
1007;0.000000;12058
1008;0.000000;12059
1009;0.000000;12060
1010;0.000000;12061
1011;0.000000;12062
1012;0.000000;12063
1013;0.000000;12064
1014;0.000000;12065
1015;0.000000;12066
1016;0.000000;12067
1017;0.000000;12068
1018;0.000000;12069
1019;0.000000;12070
1020;0.000000;12071
1021;0.000000;12072
1022;0.000000;12073
1023;0.000000;12074
1024;0.000000;12075
1025;0.000000;12076
1026;0.000000;12077
1027;0.000000;12078
1028;0.000000;12079
1029;0.000000;12080
1030;0.000000;12081
1031;0.000000;12082
1032;0.000000;12083
1033;0.000000;12084
1034;0.000000;12085
1035;0.000000;12086
1036;0.000000;12087
1037;0.000000;12088
1038;0.000000;12089
1039;0.000000;12090
1040;0.000000;12091
1041;0.000000;12092
1042;0.000000;12093
1043;0.000000;12094
1044;0.000000;12095
1045;0.000000;12096
1046;0.000000;12097
1047;0.000000;12098
1048;0.000000;12099
1049;0.000000;12100
1050;0.000000;12101
1051;0.000000;12102
1052;0.000000;12103
1053;0.000000;12104
1054;0.000000;12105
1055;0.000000;12106
1056;0.000000;12107
1057;0.000000;12108
1058;0.000000;12109
1059;0.000000;12110
1060;0.000000;12111
1061;0.000000;12112
1062;0.000000;12113
1063;0.000000;12114
1064;0.000000;12115
1065;0.000000;12116
1066;0.000000;12117
1067;0.000000;12118
1068;0.000000;12119
1069;0.000000;12120
1070;0.000000;12121
1071;0.000000;12122
1072;0.000000;12123
1073;0.000000;12124
1074;0.000000;12125
1075;0.000000;12126
1076;0.000000;12127
1077;0.000000;12128
1078;0.000000;12129
1079;0.000000;12130
1080;0.000000;12131
1081;0.000000;12132
1082;0.000000;12133
1083;0.000000;12134
1084;0.000000;12135
1085;0.000000;12136
1086;0.000000;12137
1087;0.000000;12138
1088;0.000000;12139
1089;0.000000;12140
1090;0.000000;12141
1091;0.000000;12142
1092;0.000000;12143
1093;0.000000;12144
1094;0.000000;12145
1095;0.000000;12146
1096;0.000000;12147
1097;0.000000;12148
1098;0.000000;12149
1099;0.000000;12150
1100;0.000000;12151
1101;0.000000;12152
1102;0.000000;12153
1103;0.000000;12154
1104;0.000000;12155
1105;0.000000;12156
1106;0.000000;12157
1107;0.000000;12158
1108;0.000000;12159
1109;0.000000;12160
1110;0.000000;12161
1111;0.000000;12162
1112;0.000000;12163
1113;0.000000;12164
1114;0.000000;12165
1115;0.000000;12166
1116;0.000000;12167
1117;0.000000;12168
1118;0.000000;12169
1119;0.000000;12170
1120;0.000000;12171
1121;0.000000;12172
1122;0.000000;12173
1123;0.000000;12174
1124;0.000000;12175
1125;0.000000;12176
1126;0.000000;12177
1127;0.000000;12178
1128;0.000000;12179
1129;0.000000;12180
1130;0.000000;12181
1131;0.000000;12182
1132;0.000000;12183
1133;0.000000;12184
1134;0.000000;12185
1135;0.000000;12186
1136;0.000000;12187
1137;0.000000;12188
1138;0.000000;12189
1139;0.000000;12190
1140;0.000000;12191
1141;0.000000;12192
1142;0.000000;12193
1143;0.000000;12194
1144;0.000000;12195
1145;0.000000;12196
1146;0.000000;12197
1147;0.000000;12198
1148;0.000000;12199
1149;0.000000;12200
1150;0.000000;12201
1151;0.000000;12202
1152;0.000000;12203
1153;0.000000;12204
1154;0.000000;12205
1155;0.000000;12206
1156;0.000000;12207
1157;0.000000;12208
1158;0.000000;12209
1159;0.000000;12210
1160;0.000000;12211
1161;0.000000;12212
1162;0.000000;12213
1169;0.000000;12220
1176;0.000000;12227
1184;0.000000;12235
1191;0.000000;12242
1198;0.000000;12249
1205;0.000000;12256
1212;0.000000;12263
1219;0.000000;12270
1226;0.000000;12277
1234;0.000000;12285
1241;0.000000;12292
1249;0.000000;12300
1256;0.000000;12307
1263;0.000000;12314
1270;0.000000;12321
1277;0.000000;12328
1284;0.000000;12335
1291;0.000000;12342
1299;0.000000;12350
1306;0.000000;12357
1313;0.000000;12364
1320;0.000000;12371
1327;0.000000;12378
1334;0.000000;12385
1341;0.000000;12392
1348;0.000000;12399
1355;0.000000;12406
1362;0.000000;12413
1369;0.000000;12420
1376;0.000000;12427
1383;0.000000;12434
1390;0.000000;12441
1397;0.000000;12448
1404;0.000000;12455
1411;0.000000;12462
1418;0.000000;12469
1425;0.000000;12476
1432;0.000000;12483
1440;0.000000;12491
1447;0.000000;12498
1454;0.000000;12505
1461;0.000000;12512
1468;0.000000;12519
1475;0.000000;12526
1482;0.000000;12533
1489;0.000000;12540
1496;0.000000;12547
1504;0.000000;12555
1511;0.000000;12562
1519;0.000000;12570
1526;0.000000;12577
1534;0.000000;12585
1541;0.000000;12592
1548;0.000000;12599
1555;0.000000;12606
1562;0.000000;12613
1569;0.000000;12620
1576;0.000000;12627
1583;0.000000;12634
1590;0.000000;12641
1597;0.000000;12648
1604;0.000000;12655
1611;0.000000;12662
1618;0.000000;12669
1625;0.000000;12676
1632;0.000000;12683
1639;0.000000;12690
1646;0.000000;12697
1653;0.000000;12704
1660;0.000000;12711
1667;0.000000;12718
1674;0.000000;12725
1681;0.000000;12732
1688;0.000000;12739
1695;0.000000;12746
1702;0.000000;12753
1709;0.000000;12760
1716;0.000000;12767
1723;0.000000;12774
1730;0.000000;12781
1737;0.000000;12788
1744;0.000000;12795
1751;0.000000;12802
1758;0.000000;12809
1765;0.000000;12816
1772;0.000000;12823
1779;0.000000;12830
1786;0.000000;12837
1793;0.000000;12844
1800;0.000000;12851
1807;0.000000;12858
1814;0.000000;12865
1821;0.000000;12872
1828;0.000000;12879
1835;0.000000;12886
1842;0.000000;12893
1849;0.000000;12900
1856;0.000000;12907
1863;0.000000;12914
1870;0.000000;12921
1877;0.000000;12928
1884;0.000000;12935
1891;0.000000;12942
1898;1.000000;12949
1905;1.000000;12956
1912;1.000000;12963
1919;1.000000;12970
1926;1.000000;12977
1933;1.000000;12984
1940;1.000000;12991
1947;1.000000;12998
1955;1.000000;13006
1962;1.000000;13013
1969;1.000000;13020
1976;1.000000;13027
1983;1.000000;13034
1990;1.000000;13041
1997;1.000000;13048
2004;1.000000;13055
2011;1.000000;13062
2018;1.000000;13069
2025;1.000000;13076
2032;1.000000;13083
2039;1.000000;13090
2046;1.000000;13097
2053;1.000000;13104
2060;1.000000;13111
2067;1.000000;13118
2074;1.000000;13125
2081;1.000000;13132
2088;1.000000;13139
2095;1.000000;13146
2102;1.000000;13153
2109;1.000000;13160
2116;1.000000;13167
2123;1.000000;13174
2130;1.000000;13181
2137;1.000000;13188
2144;1.000000;13195
2151;1.000000;13202
2158;1.000000;13209
2166;1.000000;13217
2173;1.000000;13224
2180;1.000000;13231
2187;1.000000;13238
2194;1.000000;13245
2201;1.000000;13252
2208;1.000000;13259
2215;1.000000;13266
2222;1.000000;13273
2229;1.000000;13280
2236;1.000000;13287
2243;1.000000;13294
2250;1.000000;13301
2257;1.000000;13308
2264;1.000000;13315
2271;1.000000;13322
2278;1.000000;13329
2285;1.000000;13336
2292;1.000000;13343
2299;1.000000;13350
2306;1.000000;13357
2313;1.000000;13364
2320;1.000000;13371
2327;1.000000;13378
2334;1.000000;13385
2341;1.000000;13392
2348;1.000000;13399
2355;1.000000;13406
2362;1.000000;13413
2369;1.000000;13420
2376;1.000000;13427
2383;1.000000;13434
2390;1.000000;13441
2397;1.000000;13448
2404;1.000000;13455
2411;1.000000;13462
2418;1.000000;13469
2425;1.000000;13476
2432;1.000000;13483
2439;1.000000;13490
2446;1.000000;13497
2453;1.000000;13504
2460;1.000000;13511
2467;1.000000;13518
2474;1.000000;13525
2481;1.000000;13532
2488;1.000000;13539
2495;1.000000;13546
2502;1.000000;13553
2509;1.000000;13560
2516;1.000000;13567
2523;1.000000;13574
2530;1.000000;13581
2537;1.000000;13588
2544;1.000000;13595
2551;1.000000;13602
2558;1.000000;13609
2565;1.000000;13616
2572;1.000000;13623
2579;1.000000;13630
2586;1.000000;13637
2593;1.000000;13644
2600;1.000000;13651
2607;1.000000;13658
2614;1.000000;13665
2621;1.000000;13672
2628;1.000000;13679
2635;1.000000;13686
2642;1.000000;13693
2649;1.000000;13700
2656;1.000000;13707
2663;1.000000;13714
2670;1.000000;13721
2677;1.000000;13728
2684;1.000000;13735
2691;1.000000;13742
2698;1.000000;13749
2705;1.000000;13756
2712;1.000000;13763
2719;1.000000;13770
2726;1.000000;13777
2733;1.000000;13784
2740;1.000000;13791
2747;1.000000;13798
2754;1.000000;13805
2761;1.000000;13812
2769;1.000000;13820
2776;1.000000;13827
2783;1.000000;13834
2790;1.000000;13841
2797;1.000000;13848
2804;1.000000;13855
2811;1.000000;13862
2818;1.000000;13869
2825;1.000000;13876
2832;1.000000;13883
2839;1.000000;13890
2846;1.000000;13897
2854;1.000000;13905
2862;1.000000;13913
2870;1.000000;13921
2878;1.000000;13929
2886;1.000000;13937
2894;1.000000;13945
2902;1.000000;13953
2910;1.000000;13961
2918;1.000000;13969
2926;1.000000;13977
2934;1.000000;13985
2942;1.000000;13993
2950;1.000000;14001
2958;1.000000;14009
2967;1.000000;14018
2976;1.000000;14027
2984;1.000000;14035
2993;1.000000;14044
3001;1.000000;14052
3010;1.000000;14061
3018;1.000000;14069
3027;1.000000;14078
3036;1.000000;14087
3045;1.000000;14096
3054;1.000000;14105
3063;1.000000;14114
3072;1.000000;14123
3081;1.000000;14132
3090;1.000000;14141
3099;1.000000;14150
3108;1.000000;14159
3117;1.000000;14168
3126;1.000000;14177
3135;1.000000;14186
3144;1.000000;14195
3153;1.000000;14204
3162;1.000000;14213
3171;1.000000;14222
3180;1.000000;14231
3189;1.000000;14240
3198;1.000000;14249
3207;1.000000;14258
3216;1.000000;14267
3225;1.000000;14276
3234;1.000000;14285
3243;1.000000;14294
3252;1.000000;14303
3261;1.000000;14312
3270;1.000000;14321
3279;1.000000;14330
3288;1.000000;14339
3297;1.000000;14348
3306;1.000000;14357
3315;1.000000;14366
3324;1.000000;14375
3333;1.000000;14384
3342;1.000000;14393
3351;1.000000;14402
3360;1.000000;14411
3369;1.000000;14420
3378;1.000000;14429
3387;1.000000;14438
3396;1.000000;14447
3405;1.000000;14456
3413;1.000000;14464
3422;1.000000;14473
3431;1.000000;14482
3440;1.000000;14491
3449;1.000000;14500
3458;1.000000;14509
3467;1.000000;14518
3476;1.000000;14527
3485;1.000000;14536
3494;1.000000;14545
3502;1.000000;14553
3511;1.000000;14562
3520;1.000000;14571
3529;1.000000;14580
3538;1.000000;14589
3546;1.000000;14597
3555;1.000000;14606
3563;1.000000;14614
3572;1.000000;14623
3581;1.000000;14632
3589;1.000000;14640
3598;1.000000;14649
3606;1.000000;14657
3615;1.000000;14666
3623;1.000000;14674
3632;1.000000;14683
3640;0.000000;14691
3649;0.000000;14700
3657;0.000000;14708
3666;0.000000;14717
3674;0.000000;14725
3683;0.000000;14734
3691;0.000000;14742
3700;0.000000;14751
3708;0.000000;14759
3717;0.000000;14768
3725;0.000000;14776
3734;0.000000;14785
3742;0.000000;14793
3751;0.000000;14802
3759;0.000000;14810
3768;0.000000;14819
3776;0.000000;14827
3785;0.000000;14836
3793;0.000000;14844
3802;0.000000;14853
3810;0.000000;14861
3819;0.000000;14870
3827;0.000000;14878
3835;0.000000;14886
3844;0.000000;14895
3852;0.000000;14903
3861;0.000000;14912
3869;0.000000;14920
3878;0.000000;14929
3886;0.000000;14937
3895;0.000000;14946
3903;0.000000;14954
3912;0.000000;14963
3920;0.000000;14971
3929;0.000000;14980
3937;0.000000;14988
3946;0.000000;14997
3954;0.000000;15005
3963;0.000000;15014
3971;0.000000;15022
3980;0.000000;15031
3988;0.000000;15039
3997;0.000000;15048
4005;0.000000;15056
4014;0.000000;15065
4022;0.000000;15073
4031;0.000000;15082
4039;0.000000;15090
4048;0.000000;15099
4056;0.000000;15107
4065;0.000000;15116
4073;0.000000;15124
4082;0.000000;15133
4090;0.000000;15141
4099;0.000000;15150
4107;0.000000;15158
4116;0.000000;15167
4124;0.000000;15175
4133;0.000000;15184
4141;0.000000;15192
4150;0.000000;15201
4158;0.000000;15209
4167;0.000000;15218
4175;0.000000;15226
4184;0.000000;15235
4192;0.000000;15243
4201;0.000000;15252
4209;0.000000;15260
4218;0.000000;15269
4226;0.000000;15277
4235;0.000000;15286
4243;0.000000;15294
4252;0.000000;15303
4260;0.000000;15311
4269;0.000000;15320
4277;0.000000;15328
4286;0.000000;15337
4294;0.000000;15345
4303;0.000000;15354
4311;0.000000;15362
4320;0.000000;15371
4328;0.000000;15379
4337;0.000000;15388
4345;0.000000;15396
4354;0.000000;15405
4363;0.000000;15414
4371;0.000000;15422
4379;0.000000;15430
4387;0.000000;15438
4395;0.000000;15446
4403;0.000000;15454
4411;0.000000;15462
4419;0.000000;15470
4427;0.000000;15478
4435;0.000000;15486
4443;0.000000;15494
4451;0.000000;15502
4459;0.000000;15510
4467;0.000000;15518
4475;0.000000;15526
4483;0.000000;15534
4491;0.000000;15542
4499;0.000000;15550
4507;0.000000;15558
4515;0.000000;15566
4524;0.000000;15575
4532;0.000000;15583
4540;0.000000;15591
4548;0.000000;15599
4555;0.000000;15606
4562;0.000000;15613
4571;0.000000;15622
4579;0.000000;15630
4587;0.000000;15638
4595;0.000000;15646
4603;0.000000;15654
4611;0.000000;15662
4619;0.000000;15670
4627;0.000000;15678
4636;0.000000;15687
4644;0.000000;15695
4653;0.000000;15704
4662;0.000000;15713
4671;0.000000;15722
4679;0.000000;15730
4688;0.000000;15739
4696;0.000000;15747
4704;0.000000;15755
4712;0.000000;15763
4720;0.000000;15771
4728;0.000000;15779
4736;0.000000;15787
4744;0.000000;15795
4752;0.000000;15803
4759;0.000000;15810
4768;0.000000;15819
4776;0.000000;15827
4784;0.000000;15835
4791;0.000000;15842
4799;0.000000;15850
4806;0.000000;15857
4814;0.000000;15865
4823;0.000000;15874
4831;0.000000;15882
4839;0.000000;15890
4847;0.000000;15898
4855;0.000000;15906
4863;0.000000;15914
4871;0.000000;15922
4879;0.000000;15930
4887;0.000000;15938
4895;0.000000;15946
4903;0.000000;15954
4911;0.000000;15962
4920;0.000000;15971
4928;0.000000;15979
4935;0.000000;15986
4944;0.000000;15995
4952;0.000000;16003
4959;0.000000;16010
4966;0.000000;16017
4975;0.000000;16026
4982;0.000000;16033
4990;0.000000;16041
4998;0.000000;16049
5007;0.000000;16058
5014;0.000000;16065
5022;0.000000;16073
5031;0.000000;16082
5038;0.000000;16089
5046;0.000000;16097
5055;0.000000;16106
5063;0.000000;16114
5071;0.000000;16122
5079;0.000000;16130
5087;0.000000;16138
5095;0.000000;16146
5102;0.000000;16153
5110;0.000000;16161
5119;0.000000;16170
5127;0.000000;16178
5134;0.000000;16185
5142;0.000000;16193
5150;0.000000;16201
5158;0.000000;16209
5166;0.000000;16217
5174;0.000000;16225
5182;0.000000;16233
5190;0.000000;16241
5198;0.000000;16249
5205;0.000000;16256
5212;0.000000;16263
5219;0.000000;16270
5226;0.000000;16277
5233;0.000000;16284
5240;0.000000;16291
5247;0.000000;16298
5254;0.000000;16305
5261;0.000000;16312
5268;0.000000;16319
5275;0.000000;16326
5282;0.000000;16333
5289;0.000000;16340
5296;0.000000;16347
5303;0.000000;16354
5310;0.000000;16361
5317;0.000000;16368
5324;0.000000;16375
5331;0.000000;16382
5338;0.000000;16389
5346;0.000000;16397
5354;0.000000;16405
5362;0.000000;16413
5369;0.000000;16420
5378;0.000000;16429
5386;0.000000;16437
5393;0.000000;16444
5400;0.000000;16451
5408;0.000000;16459
5415;0.000000;16466
5422;0.000000;16473
5429;0.000000;16480
5436;0.000000;16487
5444;0.000000;16495
5451;0.000000;16502
5459;0.000000;16510
5466;0.000000;16517
5473;0.000000;16524
5480;0.000000;16531
5487;0.000000;16538
5494;0.000000;16545
5502;0.000000;16553
5509;0.000000;16560
5516;0.000000;16567
5523;0.000000;16574
5531;0.000000;16582
5539;0.000000;16590
5547;0.000000;16598
5555;0.000000;16606
5562;0.000000;16613
5569;0.000000;16620
5577;0.000000;16628
5585;0.000000;16636
5593;0.000000;16644
5601;0.000000;16652
5609;0.000000;16660
5617;0.000000;16668
5625;0.000000;16676
5633;0.000000;16684
5640;0.000000;16691
5647;0.000000;16698
5654;0.000000;16705
5661;0.000000;16712
5668;0.000000;16719
5675;0.000000;16726
5682;0.000000;16733
5689;0.000000;16740
5696;0.000000;16747
5703;0.000000;16754
5710;0.000000;16761
5717;0.000000;16768
5724;0.000000;16775
5732;0.000000;16783
5740;0.000000;16791
5747;0.000000;16798
5755;0.000000;16806
5762;0.000000;16813
5769;0.000000;16820
5777;0.000000;16828
5784;0.000000;16835
5792;0.000000;16843
5799;0.000000;16850
5806;0.000000;16857
5813;0.000000;16864
5820;0.000000;16871
5827;0.000000;16878
5834;0.000000;16885
