ID;VALUE;TIMESTAMP
0;0.000000;11051
1;0.000000;11052
2;0.000000;11053
3;0.000000;11054
4;0.000000;11055
5;0.000000;11056
6;0.000000;11057
7;0.000000;11058
8;0.000000;11059
9;0.000000;11060
10;0.000000;11061
11;0.000000;11062
12;0.000000;11063
13;0.000000;11064
14;0.000000;11065
15;0.000000;11066
16;0.000000;11067
17;0.000000;11068
18;0.000000;11069
19;0.000000;11070
20;0.000000;11071
21;0.000000;11072
22;0.000000;11073
23;0.000000;11074
24;0.000000;11075
25;0.000000;11076
26;0.000000;11077
27;0.000000;11078
28;0.000000;11079
29;0.000000;11080
30;0.000000;11081
31;0.000000;11082
32;0.000000;11083
33;0.000000;11084
34;0.000000;11085
35;0.000000;11086
36;0.000000;11087
37;0.000000;11088
38;0.000000;11089
39;0.000000;11090
40;0.000000;11091
41;0.000000;11092
42;0.000000;11093
43;0.000000;11094
44;0.000000;11095
45;0.000000;11096
46;0.000000;11097
47;0.000000;11098
48;0.000000;11099
49;0.000000;11100
50;0.000000;11101
51;0.000000;11102
52;0.000000;11103
53;0.000000;11104
54;0.000000;11105
55;0.000000;11106
56;0.000000;11107
57;0.000000;11108
58;0.000000;11109
59;0.000000;11110
60;0.000000;11111
61;0.000000;11112
62;0.000000;11113
63;0.000000;11114
64;0.000000;11115
65;0.000000;11116
66;0.000000;11117
67;0.000000;11118
68;0.000000;11119
69;0.000000;11120
70;0.000000;11121
71;0.000000;11122
72;0.000000;11123
73;0.000000;11124
74;0.000000;11125
75;0.000000;11126
76;0.000000;11127
77;0.000000;11128
78;0.000000;11129
79;0.000000;11130
80;0.000000;11131
81;0.000000;11132
82;0.000000;11133
83;0.000000;11134
84;0.000000;11135
85;0.000000;11136
86;0.000000;11137
87;0.000000;11138
88;0.000000;11139
89;0.000000;11140
90;0.000000;11141
91;0.000000;11142
92;0.000000;11143
93;0.000000;11144
94;0.000000;11145
95;0.000000;11146
96;0.000000;11147
97;0.000000;11148
98;0.000000;11149
99;0.000000;11150
100;0.000000;11151
101;0.000000;11152
102;0.000000;11153
103;0.000000;11154
104;0.000000;11155
105;0.000000;11156
106;0.000000;11157
107;0.000000;11158
108;0.000000;11159
109;0.000000;11160
110;0.000000;11161
111;0.000000;11162
112;0.000000;11163
113;0.000000;11164
114;0.000000;11165
115;0.000000;11166
116;0.000000;11167
117;0.000000;11168
118;0.000000;11169
119;0.000000;11170
120;0.000000;11171
121;0.000000;11172
122;0.000000;11173
123;0.000000;11174
124;0.000000;11175
125;0.000000;11176
126;0.000000;11177
127;0.000000;11178
128;0.000000;11179
129;0.000000;11180
130;0.000000;11181
131;0.000000;11182
132;0.000000;11183
133;0.000000;11184
134;0.000000;11185
135;0.000000;11186
136;0.000000;11187
137;0.000000;11188
138;0.000000;11189
139;0.000000;11190
140;0.000000;11191
141;0.000000;11192
142;0.000000;11193
143;0.000000;11194
144;0.000000;11195
145;0.000000;11196
146;0.000000;11197
147;0.000000;11198
148;0.000000;11199
149;0.000000;11200
150;0.000000;11201
151;0.000000;11202
152;0.000000;11203
153;0.000000;11204
154;0.000000;11205
155;0.000000;11206
156;0.000000;11207
157;0.000000;11208
158;0.000000;11209
159;0.000000;11210
160;0.000000;11211
161;0.000000;11212
162;0.000000;11213
163;0.000000;11214
164;0.000000;11215
165;0.000000;11216
166;0.000000;11217
167;0.000000;11218
168;0.000000;11219
169;0.000000;11220
170;0.000000;11221
171;0.000000;11222
172;0.000000;11223
173;0.000000;11224
174;0.000000;11225
175;0.000000;11226
176;0.000000;11227
177;0.000000;11228
178;0.000000;11229
179;0.000000;11230
180;0.000000;11231
181;0.000000;11232
182;0.000000;11233
183;0.000000;11234
184;0.000000;11235
185;0.000000;11236
186;0.000000;11237
187;0.000000;11238
188;0.000000;11239
189;0.000000;11240
190;0.000000;11241
191;0.000000;11242
192;0.000000;11243
193;0.000000;11244
194;0.000000;11245
195;0.000000;11246
196;0.000000;11247
197;0.000000;11248
198;0.000000;11249
199;0.000000;11250
200;0.000000;11251
201;0.000000;11252
202;0.000000;11253
203;0.000000;11254
204;0.000000;11255
205;0.000000;11256
206;0.000000;11257
207;0.000000;11258
208;0.000000;11259
209;0.000000;11260
210;0.000000;11261
211;0.000000;11262
212;0.000000;11263
213;0.000000;11264
214;0.000000;11265
215;0.000000;11266
216;0.000000;11267
217;0.000000;11268
218;0.000000;11269
219;0.000000;11270
220;0.000000;11271
221;0.000000;11272
222;0.000000;11273
223;0.000000;11274
224;0.000000;11275
225;0.000000;11276
226;0.000000;11277
227;0.000000;11278
228;0.000000;11279
229;0.000000;11280
230;0.000000;11281
231;0.000000;11282
232;0.000000;11283
233;0.000000;11284
234;0.000000;11285
235;0.000000;11286
236;0.000000;11287
237;0.000000;11288
238;0.000000;11289
239;0.000000;11290
240;0.000000;11291
241;0.000000;11292
242;0.000000;11293
243;0.000000;11294
244;0.000000;11295
245;0.000000;11296
246;0.000000;11297
247;0.000000;11298
248;0.000000;11299
249;0.000000;11300
250;0.000000;11301
251;0.000000;11302
252;0.000000;11303
253;0.000000;11304
254;0.000000;11305
255;0.000000;11306
256;0.000000;11307
257;0.000000;11308
258;0.000000;11309
259;0.000000;11310
260;0.000000;11311
261;0.000000;11312
262;0.000000;11313
263;0.000000;11314
264;0.000000;11315
265;0.000000;11316
266;0.000000;11317
267;0.000000;11318
268;0.000000;11319
269;0.000000;11320
270;0.000000;11321
271;0.000000;11322
272;0.000000;11323
273;0.000000;11324
274;0.000000;11325
275;0.000000;11326
276;0.000000;11327
277;0.000000;11328
278;0.000000;11329
279;0.000000;11330
280;0.000000;11331
281;0.000000;11332
282;0.000000;11333
283;0.000000;11334
284;0.000000;11335
285;0.000000;11336
286;0.000000;11337
287;0.000000;11338
288;0.000000;11339
289;0.000000;11340
290;0.000000;11341
291;0.000000;11342
292;0.000000;11343
293;0.000000;11344
294;0.000000;11345
295;0.000000;11346
296;0.000000;11347
297;0.000000;11348
298;0.000000;11349
299;0.000000;11350
300;0.000000;11351
301;0.000000;11352
302;0.000000;11353
303;0.000000;11354
304;0.000000;11355
305;0.000000;11356
306;0.000000;11357
307;0.000000;11358
308;0.000000;11359
309;0.000000;11360
310;0.000000;11361
311;0.000000;11362
312;0.000000;11363
313;0.000000;11364
314;0.000000;11365
315;0.000000;11366
316;0.000000;11367
317;0.000000;11368
318;0.000000;11369
319;0.000000;11370
320;0.000000;11371
321;0.000000;11372
322;0.000000;11373
323;0.000000;11374
324;0.000000;11375
325;0.000000;11376
326;0.000000;11377
327;0.000000;11378
328;0.000000;11379
329;0.000000;11380
330;0.000000;11381
331;0.000000;11382
332;0.000000;11383
333;0.000000;11384
334;0.000000;11385
335;0.000000;11386
336;0.000000;11387
337;0.000000;11388
338;0.000000;11389
339;0.000000;11390
340;0.000000;11391
341;0.000000;11392
342;0.000000;11393
343;0.000000;11394
344;0.000000;11395
345;0.000000;11396
346;0.000000;11397
347;0.000000;11398
348;0.000000;11399
349;0.000000;11400
350;0.000000;11401
351;0.000000;11402
352;0.000000;11403
353;0.000000;11404
354;0.000000;11405
355;0.000000;11406
356;0.000000;11407
357;0.000000;11408
358;0.000000;11409
359;0.000000;11410
360;0.000000;11411
361;0.000000;11412
362;0.000000;11413
363;0.000000;11414
364;0.000000;11415
365;0.000000;11416
366;0.000000;11417
367;0.000000;11418
368;0.000000;11419
369;0.000000;11420
370;0.000000;11421
371;0.000000;11422
372;0.000000;11423
373;0.000000;11424
374;0.000000;11425
375;0.000000;11426
376;0.000000;11427
377;0.000000;11428
378;0.000000;11429
379;0.000000;11430
380;0.000000;11431
381;0.000000;11432
382;0.000000;11433
383;0.000000;11434
384;0.000000;11435
385;0.000000;11436
386;0.000000;11437
387;0.000000;11438
388;0.000000;11439
389;0.000000;11440
390;0.000000;11441
391;0.000000;11442
392;0.000000;11443
393;0.000000;11444
394;0.000000;11445
395;0.000000;11446
396;0.000000;11447
397;0.000000;11448
398;0.000000;11449
399;0.000000;11450
400;0.000000;11451
401;0.000000;11452
402;0.000000;11453
403;0.000000;11454
404;0.000000;11455
405;0.000000;11456
406;0.000000;11457
407;0.000000;11458
408;0.000000;11459
409;0.000000;11460
410;0.000000;11461
411;0.000000;11462
412;0.000000;11463
413;0.000000;11464
414;0.000000;11465
415;0.000000;11466
416;0.000000;11467
417;0.000000;11468
418;0.000000;11469
419;0.000000;11470
420;0.000000;11471
421;0.000000;11472
422;0.000000;11473
423;0.000000;11474
424;0.000000;11475
425;0.000000;11476
426;0.000000;11477
427;0.000000;11478
428;0.000000;11479
429;0.000000;11480
430;0.000000;11481
431;0.000000;11482
432;0.000000;11483
433;0.000000;11484
434;0.000000;11485
435;0.000000;11486
436;0.000000;11487
437;0.000000;11488
438;0.000000;11489
439;0.000000;11490
440;0.000000;11491
441;0.000000;11492
442;0.000000;11493
443;0.000000;11494
444;0.000000;11495
445;0.000000;11496
446;0.000000;11497
447;0.000000;11498
448;0.000000;11499
449;0.000000;11500
450;0.000000;11501
451;0.000000;11502
452;0.000000;11503
453;0.000000;11504
454;0.000000;11505
455;0.000000;11506
456;0.000000;11507
457;0.000000;11508
458;0.000000;11509
459;0.000000;11510
460;0.000000;11511
461;0.000000;11512
462;0.000000;11513
463;0.000000;11514
464;0.000000;11515
465;0.000000;11516
466;0.000000;11517
467;0.000000;11518
468;0.000000;11519
469;0.000000;11520
470;0.000000;11521
471;0.000000;11522
472;0.000000;11523
473;0.000000;11524
474;0.000000;11525
475;0.000000;11526
476;0.000000;11527
477;0.000000;11528
478;0.000000;11529
479;0.000000;11530
480;0.000000;11531
481;0.000000;11532
482;0.000000;11533
483;0.000000;11534
484;0.000000;11535
485;0.000000;11536
486;0.000000;11537
487;0.000000;11538
488;0.000000;11539
489;0.000000;11540
490;0.000000;11541
491;0.000000;11542
492;0.000000;11543
493;0.000000;11544
494;0.000000;11545
495;0.000000;11546
496;0.000000;11547
497;0.000000;11548
498;0.000000;11549
499;0.000000;11550
500;0.000000;11551
501;0.000000;11552
502;0.000000;11553
503;0.000000;11554
504;0.000000;11555
505;0.000000;11556
506;0.000000;11557
507;0.000000;11558
508;0.000000;11559
509;0.000000;11560
510;0.000000;11561
511;0.000000;11562
512;0.000000;11563
513;0.000000;11564
514;0.000000;11565
515;0.000000;11566
516;0.000000;11567
517;0.000000;11568
518;0.000000;11569
519;0.000000;11570
520;0.000000;11571
521;0.000000;11572
522;0.000000;11573
523;0.000000;11574
524;0.000000;11575
525;0.000000;11576
526;0.000000;11577
527;0.000000;11578
528;0.000000;11579
529;0.000000;11580
530;0.000000;11581
531;0.000000;11582
532;0.000000;11583
533;0.000000;11584
534;0.000000;11585
535;0.000000;11586
536;0.000000;11587
537;0.000000;11588
538;0.000000;11589
539;0.000000;11590
540;0.000000;11591
541;0.000000;11592
542;0.000000;11593
543;0.000000;11594
544;0.000000;11595
545;0.000000;11596
546;0.000000;11597
547;0.000000;11598
548;0.000000;11599
549;0.000000;11600
550;0.000000;11601
551;0.000000;11602
552;0.000000;11603
553;0.000000;11604
554;0.000000;11605
555;0.000000;11606
556;0.000000;11607
557;0.000000;11608
558;0.000000;11609
559;0.000000;11610
560;0.000000;11611
561;0.000000;11612
562;0.000000;11613
563;0.000000;11614
564;0.000000;11615
565;0.000000;11616
566;0.000000;11617
567;0.000000;11618
568;0.000000;11619
569;0.000000;11620
570;0.000000;11621
571;0.000000;11622
572;0.000000;11623
573;0.000000;11624
574;0.000000;11625
575;0.000000;11626
576;0.000000;11627
577;0.000000;11628
578;0.000000;11629
579;0.000000;11630
580;0.000000;11631
581;0.000000;11632
582;0.000000;11633
583;0.000000;11634
584;0.000000;11635
585;0.000000;11636
586;0.000000;11637
587;0.000000;11638
588;0.000000;11639
589;0.000000;11640
590;0.000000;11641
591;0.000000;11642
592;0.000000;11643
593;0.000000;11644
594;0.000000;11645
595;0.000000;11646
596;0.000000;11647
597;0.000000;11648
598;0.000000;11649
599;0.000000;11650
600;0.000000;11651
601;0.000000;11652
602;0.000000;11653
603;0.000000;11654
604;0.000000;11655
605;0.000000;11656
606;0.000000;11657
607;0.000000;11658
608;0.000000;11659
609;0.000000;11660
610;0.000000;11661
611;0.000000;11662
612;0.000000;11663
613;0.000000;11664
614;0.000000;11665
615;0.000000;11666
616;0.000000;11667
617;0.000000;11668
618;0.000000;11669
619;0.000000;11670
620;0.000000;11671
621;0.000000;11672
622;0.000000;11673
623;0.000000;11674
624;0.000000;11675
625;0.000000;11676
626;0.000000;11677
627;0.000000;11678
628;0.000000;11679
629;0.000000;11680
630;0.000000;11681
631;0.000000;11682
632;0.000000;11683
633;0.000000;11684
634;0.000000;11685
635;0.000000;11686
636;0.000000;11687
637;0.000000;11688
638;0.000000;11689
639;0.000000;11690
640;0.000000;11691
641;0.000000;11692
642;0.000000;11693
643;0.000000;11694
644;0.000000;11695
645;0.000000;11696
646;0.000000;11697
647;0.000000;11698
648;0.000000;11699
649;0.000000;11700
650;0.000000;11701
651;0.000000;11702
652;0.000000;11703
653;0.000000;11704
654;0.000000;11705
655;0.000000;11706
656;0.000000;11707
657;0.000000;11708
658;0.000000;11709
659;0.000000;11710
660;0.000000;11711
661;0.000000;11712
662;0.000000;11713
663;0.000000;11714
664;0.000000;11715
665;0.000000;11716
666;0.000000;11717
667;0.000000;11718
668;0.000000;11719
669;0.000000;11720
670;0.000000;11721
671;0.000000;11722
672;0.000000;11723
673;0.000000;11724
674;0.000000;11725
675;0.000000;11726
676;0.000000;11727
677;0.000000;11728
678;0.000000;11729
679;0.000000;11730
680;0.000000;11731
681;0.000000;11732
682;0.000000;11733
683;0.000000;11734
684;0.000000;11735
685;0.000000;11736
686;0.000000;11737
687;0.000000;11738
688;0.000000;11739
689;0.000000;11740
690;0.000000;11741
691;0.000000;11742
692;0.000000;11743
693;0.000000;11744
694;0.000000;11745
695;0.000000;11746
696;0.000000;11747
697;0.000000;11748
698;0.000000;11749
699;0.000000;11750
700;0.000000;11751
701;0.000000;11752
702;0.000000;11753
703;0.000000;11754
704;0.000000;11755
705;0.000000;11756
706;0.000000;11757
707;0.000000;11758
708;0.000000;11759
709;0.000000;11760
710;0.000000;11761
711;0.000000;11762
712;0.000000;11763
713;0.000000;11764
714;0.000000;11765
715;0.000000;11766
716;0.000000;11767
717;0.000000;11768
718;0.000000;11769
719;0.000000;11770
720;0.000000;11771
721;0.000000;11772
722;0.000000;11773
723;0.000000;11774
724;0.000000;11775
725;0.000000;11776
726;0.000000;11777
727;0.000000;11778
728;0.000000;11779
729;0.000000;11780
730;0.000000;11781
731;0.000000;11782
732;0.000000;11783
733;0.000000;11784
734;0.000000;11785
735;0.000000;11786
736;0.000000;11787
737;0.000000;11788
738;0.000000;11789
739;0.000000;11790
740;0.000000;11791
741;0.000000;11792
742;0.000000;11793
743;0.000000;11794
744;0.000000;11795
745;0.000000;11796
746;0.000000;11797
747;0.000000;11798
748;0.000000;11799
749;0.000000;11800
750;0.000000;11801
751;0.000000;11802
752;0.000000;11803
753;0.000000;11804
754;0.000000;11805
755;0.000000;11806
756;0.000000;11807
757;0.000000;11808
758;0.000000;11809
759;0.000000;11810
760;0.000000;11811
761;0.000000;11812
762;0.000000;11813
763;0.000000;11814
764;0.000000;11815
765;0.000000;11816
766;0.000000;11817
767;0.000000;11818
768;0.000000;11819
769;0.000000;11820
770;0.000000;11821
771;0.000000;11822
772;0.000000;11823
773;0.000000;11824
774;0.000000;11825
775;0.000000;11826
776;0.000000;11827
777;0.000000;11828
778;0.000000;11829
779;0.000000;11830
780;0.000000;11831
781;0.000000;11832
782;0.000000;11833
783;0.000000;11834
784;0.000000;11835
785;0.000000;11836
786;0.000000;11837
787;0.000000;11838
788;0.000000;11839
789;0.000000;11840
790;0.000000;11841
791;0.000000;11842
792;0.000000;11843
793;0.000000;11844
794;0.000000;11845
795;0.000000;11846
796;0.000000;11847
797;0.000000;11848
798;0.000000;11849
799;0.000000;11850
800;0.000000;11851
801;0.000000;11852
802;0.000000;11853
803;0.000000;11854
804;0.000000;11855
805;0.000000;11856
806;0.000000;11857
807;0.000000;11858
808;0.000000;11859
809;0.000000;11860
810;0.000000;11861
811;0.000000;11862
812;0.000000;11863
813;0.000000;11864
814;0.000000;11865
815;0.000000;11866
816;0.000000;11867
817;0.000000;11868
818;0.000000;11869
819;1.000000;11870
820;1.000000;11871
821;1.000000;11872
822;1.000000;11873
823;1.000000;11874
824;1.000000;11875
825;1.000000;11876
826;1.000000;11877
827;1.000000;11878
828;1.000000;11879
829;1.000000;11880
830;1.000000;11881
831;1.000000;11882
832;1.000000;11883
833;1.000000;11884
834;1.000000;11885
835;1.000000;11886
836;1.000000;11887
837;1.000000;11888
838;1.000000;11889
839;1.000000;11890
840;1.000000;11891
841;1.000000;11892
842;1.000000;11893
843;1.000000;11894
844;1.000000;11895
845;1.000000;11896
846;1.000000;11897
847;1.000000;11898
848;1.000000;11899
849;1.000000;11900
850;1.000000;11901
851;1.000000;11902
852;1.000000;11903
853;1.000000;11904
854;1.000000;11905
855;1.000000;11906
856;1.000000;11907
857;1.000000;11908
858;1.000000;11909
859;1.000000;11910
860;1.000000;11911
861;1.000000;11912
862;1.000000;11913
863;1.000000;11914
864;1.000000;11915
865;1.000000;11916
866;1.000000;11917
867;1.000000;11918
868;1.000000;11919
869;1.000000;11920
870;1.000000;11921
871;1.000000;11922
872;1.000000;11923
873;1.000000;11924
874;1.000000;11925
875;1.000000;11926
876;1.000000;11927
877;1.000000;11928
878;1.000000;11929
879;1.000000;11930
880;1.000000;11931
881;1.000000;11932
882;1.000000;11933
883;1.000000;11934
884;1.000000;11935
885;1.000000;11936
886;1.000000;11937
887;1.000000;11938
888;1.000000;11939
889;1.000000;11940
890;1.000000;11941
891;1.000000;11942
892;1.000000;11943
893;1.000000;11944
894;1.000000;11945
895;1.000000;11946
896;1.000000;11947
897;1.000000;11948
898;1.000000;11949
899;1.000000;11950
900;1.000000;11951
901;1.000000;11952
902;1.000000;11953
903;1.000000;11954
904;1.000000;11955
905;1.000000;11956
906;1.000000;11957
907;1.000000;11958
908;1.000000;11959
909;1.000000;11960
910;1.000000;11961
911;1.000000;11962
912;1.000000;11963
913;1.000000;11964
914;1.000000;11965
915;1.000000;11966
916;1.000000;11967
917;1.000000;11968
918;1.000000;11969
919;1.000000;11970
920;1.000000;11971
921;1.000000;11972
922;1.000000;11973
923;1.000000;11974
924;1.000000;11975
925;1.000000;11976
926;1.000000;11977
927;1.000000;11978
928;1.000000;11979
929;1.000000;11980
930;1.000000;11981
931;1.000000;11982
932;1.000000;11983
933;1.000000;11984
934;1.000000;11985
935;1.000000;11986
936;1.000000;11987
937;1.000000;11988
938;1.000000;11989
939;1.000000;11990
940;1.000000;11991
941;1.000000;11992
942;1.000000;11993
943;1.000000;11994
944;1.000000;11995
945;1.000000;11996
946;1.000000;11997
947;1.000000;11998
948;1.000000;11999
949;1.000000;12000
950;1.000000;12001
951;1.000000;12002
952;1.000000;12003
953;1.000000;12004
954;1.000000;12005
955;1.000000;12006
956;1.000000;12007
957;1.000000;12008
958;1.000000;12009
959;1.000000;12010
960;1.000000;12011
961;1.000000;12012
962;1.000000;12013
963;1.000000;12014
964;1.000000;12015
965;1.000000;12016
966;1.000000;12017
967;1.000000;12018
968;1.000000;12019
969;1.000000;12020
970;1.000000;12021
971;1.000000;12022
972;1.000000;12023
973;1.000000;12024
974;1.000000;12025
975;1.000000;12026
976;1.000000;12027
977;1.000000;12028
978;1.000000;12029
979;1.000000;12030
980;1.000000;12031
981;1.000000;12032
982;1.000000;12033
983;1.000000;12034
984;1.000000;12035
985;1.000000;12036
986;1.000000;12037
987;1.000000;12038
988;1.000000;12039
989;1.000000;12040
990;1.000000;12041
991;1.000000;12042
992;1.000000;12043
993;1.000000;12044
994;1.000000;12045
995;1.000000;12046
996;1.000000;12047
997;1.000000;12048
998;1.000000;12049
999;1.000000;12050
1000;1.000000;12051
1001;1.000000;12052
1002;1.000000;12053
1003;1.000000;12054
1004;1.000000;12055
1005;1.000000;12056
1006;1.000000;12057
1007;1.000000;12058
1008;1.000000;12059
1009;1.000000;12060
1010;1.000000;12061
1011;1.000000;12062
1012;1.000000;12063
1013;1.000000;12064
1014;1.000000;12065
1015;1.000000;12066
1016;1.000000;12067
1017;1.000000;12068
1018;1.000000;12069
1019;1.000000;12070
1020;1.000000;12071
1021;1.000000;12072
1022;1.000000;12073
1023;1.000000;12074
1024;1.000000;12075
1025;1.000000;12076
1026;1.000000;12077
1027;1.000000;12078
1028;1.000000;12079
1029;1.000000;12080
1030;1.000000;12081
1031;1.000000;12082
1032;1.000000;12083
1033;1.000000;12084
1034;1.000000;12085
1035;1.000000;12086
1036;1.000000;12087
1037;1.000000;12088
1038;1.000000;12089
1039;1.000000;12090
1040;1.000000;12091
1041;1.000000;12092
1042;1.000000;12093
1043;1.000000;12094
1044;1.000000;12095
1045;1.000000;12096
1046;1.000000;12097
1047;1.000000;12098
1048;1.000000;12099
1049;1.000000;12100
1050;1.000000;12101
1051;1.000000;12102
1052;1.000000;12103
1053;1.000000;12104
1054;1.000000;12105
1055;1.000000;12106
1056;1.000000;12107
1057;1.000000;12108
1058;1.000000;12109
1059;1.000000;12110
1060;1.000000;12111
1061;1.000000;12112
1062;1.000000;12113
1063;1.000000;12114
1064;1.000000;12115
1065;1.000000;12116
1066;1.000000;12117
1067;1.000000;12118
1068;1.000000;12119
1069;1.000000;12120
1070;1.000000;12121
1071;1.000000;12122
1072;1.000000;12123
1073;1.000000;12124
1074;1.000000;12125
1075;1.000000;12126
1076;1.000000;12127
1077;1.000000;12128
1078;1.000000;12129
1079;1.000000;12130
1080;1.000000;12131
1081;1.000000;12132
1082;1.000000;12133
1083;1.000000;12134
1084;1.000000;12135
1085;1.000000;12136
1086;1.000000;12137
1087;1.000000;12138
1088;1.000000;12139
1089;1.000000;12140
1090;1.000000;12141
1091;1.000000;12142
1092;1.000000;12143
1093;1.000000;12144
1094;1.000000;12145
1095;1.000000;12146
1096;1.000000;12147
1097;1.000000;12148
1098;1.000000;12149
1099;1.000000;12150
1100;1.000000;12151
1101;1.000000;12152
1102;1.000000;12153
1103;1.000000;12154
1104;1.000000;12155
1105;1.000000;12156
1106;1.000000;12157
1107;1.000000;12158
1108;1.000000;12159
1109;1.000000;12160
1110;1.000000;12161
1111;1.000000;12162
1112;1.000000;12163
1113;1.000000;12164
1114;1.000000;12165
1115;1.000000;12166
1116;1.000000;12167
1117;1.000000;12168
1118;1.000000;12169
1119;1.000000;12170
1120;1.000000;12171
1121;1.000000;12172
1122;1.000000;12173
1123;1.000000;12174
1124;1.000000;12175
1125;1.000000;12176
1126;1.000000;12177
1127;1.000000;12178
1128;1.000000;12179
1129;1.000000;12180
1130;1.000000;12181
1131;1.000000;12182
1132;1.000000;12183
1133;1.000000;12184
1134;1.000000;12185
1135;1.000000;12186
1136;1.000000;12187
1137;1.000000;12188
1138;1.000000;12189
1139;1.000000;12190
1140;1.000000;12191
1141;1.000000;12192
1142;1.000000;12193
1143;1.000000;12194
1144;1.000000;12195
1145;1.000000;12196
1146;1.000000;12197
1147;1.000000;12198
1148;1.000000;12199
1149;1.000000;12200
1150;1.000000;12201
1151;1.000000;12202
1152;1.000000;12203
1153;1.000000;12204
1154;1.000000;12205
1155;1.000000;12206
1156;1.000000;12207
1157;1.000000;12208
1158;1.000000;12209
1159;1.000000;12210
1160;1.000000;12211
1161;1.000000;12212
1166;1.000000;12217
1174;1.000000;12225
1181;1.000000;12232
1189;1.000000;12240
1196;1.000000;12247
1203;1.000000;12254
1210;1.000000;12261
1217;1.000000;12268
1224;1.000000;12275
1231;1.000000;12282
1239;1.000000;12290
1246;1.000000;12297
1254;1.000000;12305
1261;1.000000;12312
1268;1.000000;12319
1275;1.000000;12326
1282;1.000000;12333
1289;1.000000;12340
1296;1.000000;12347
1304;1.000000;12355
1311;1.000000;12362
1318;1.000000;12369
1325;1.000000;12376
1332;1.000000;12383
1339;1.000000;12390
1346;1.000000;12397
1353;1.000000;12404
1360;1.000000;12411
1367;1.000000;12418
1374;1.000000;12425
1381;1.000000;12432
1388;1.000000;12439
1395;1.000000;12446
1402;1.000000;12453
1409;1.000000;12460
1416;1.000000;12467
1423;1.000000;12474
1430;1.000000;12481
1437;1.000000;12488
1445;1.000000;12496
1452;1.000000;12503
1459;1.000000;12510
1466;1.000000;12517
1473;1.000000;12524
1480;1.000000;12531
1487;1.000000;12538
1494;1.000000;12545
1501;1.000000;12552
1509;1.000000;12560
1516;1.000000;12567
1524;1.000000;12575
1531;1.000000;12582
1539;1.000000;12590
1546;1.000000;12597
1553;1.000000;12604
1560;1.000000;12611
1567;1.000000;12618
1574;1.000000;12625
1581;1.000000;12632
1588;1.000000;12639
1595;1.000000;12646
1602;1.000000;12653
1609;1.000000;12660
1616;1.000000;12667
1623;1.000000;12674
1630;1.000000;12681
1637;1.000000;12688
1644;1.000000;12695
1651;1.000000;12702
1658;1.000000;12709
1665;1.000000;12716
1672;1.000000;12723
1679;1.000000;12730
1686;1.000000;12737
1693;1.000000;12744
1700;1.000000;12751
1707;1.000000;12758
1714;1.000000;12765
1721;1.000000;12772
1728;1.000000;12779
1735;1.000000;12786
1742;1.000000;12793
1749;1.000000;12800
1756;1.000000;12807
1763;1.000000;12814
1770;1.000000;12821
1777;1.000000;12828
1784;1.000000;12835
1791;1.000000;12842
1798;1.000000;12849
1805;1.000000;12856
1812;1.000000;12863
1819;1.000000;12870
1826;1.000000;12877
1833;1.000000;12884
1840;1.000000;12891
1847;1.000000;12898
1854;1.000000;12905
1861;1.000000;12912
1868;1.000000;12919
1875;1.000000;12926
1882;1.000000;12933
1889;1.000000;12940
1896;1.000000;12947
1903;1.000000;12954
1910;1.000000;12961
1917;1.000000;12968
1924;1.000000;12975
1931;1.000000;12982
1938;1.000000;12989
1945;1.000000;12996
1952;1.000000;13003
1960;1.000000;13011
1967;1.000000;13018
1974;1.000000;13025
1981;1.000000;13032
1988;1.000000;13039
1995;1.000000;13046
2002;1.000000;13053
2009;1.000000;13060
2016;1.000000;13067
2023;1.000000;13074
2030;1.000000;13081
2037;1.000000;13088
2044;1.000000;13095
2051;1.000000;13102
2058;1.000000;13109
2065;1.000000;13116
2072;1.000000;13123
2079;1.000000;13130
2086;1.000000;13137
2093;1.000000;13144
2100;1.000000;13151
2107;1.000000;13158
2114;1.000000;13165
2121;1.000000;13172
2128;1.000000;13179
2135;1.000000;13186
2142;1.000000;13193
2149;1.000000;13200
2156;1.000000;13207
2163;1.000000;13214
2171;1.000000;13222
2178;1.000000;13229
2185;1.000000;13236
2192;1.000000;13243
2199;1.000000;13250
2206;1.000000;13257
2213;1.000000;13264
2220;1.000000;13271
2227;1.000000;13278
2234;1.000000;13285
2241;1.000000;13292
2248;1.000000;13299
2255;1.000000;13306
2262;1.000000;13313
2269;1.000000;13320
2276;1.000000;13327
2283;1.000000;13334
2290;1.000000;13341
2297;1.000000;13348
2304;1.000000;13355
2311;1.000000;13362
2318;1.000000;13369
2325;1.000000;13376
2332;1.000000;13383
2339;1.000000;13390
2346;1.000000;13397
2353;1.000000;13404
2360;1.000000;13411
2367;1.000000;13418
2374;1.000000;13425
2381;1.000000;13432
2388;1.000000;13439
2395;1.000000;13446
2402;1.000000;13453
2409;1.000000;13460
2416;1.000000;13467
2423;1.000000;13474
2430;1.000000;13481
2437;1.000000;13488
2444;1.000000;13495
2451;1.000000;13502
2458;1.000000;13509
2465;1.000000;13516
2472;1.000000;13523
2479;1.000000;13530
2486;1.000000;13537
2493;1.000000;13544
2500;1.000000;13551
2507;1.000000;13558
2514;1.000000;13565
2521;1.000000;13572
2528;1.000000;13579
2535;1.000000;13586
2542;1.000000;13593
2549;1.000000;13600
2556;1.000000;13607
2563;1.000000;13614
2570;1.000000;13621
2577;1.000000;13628
2584;1.000000;13635
2591;1.000000;13642
2598;1.000000;13649
2605;1.000000;13656
2612;1.000000;13663
2619;1.000000;13670
2626;1.000000;13677
2633;1.000000;13684
2640;1.000000;13691
2647;1.000000;13698
2654;1.000000;13705
2661;1.000000;13712
2668;1.000000;13719
2675;1.000000;13726
2682;1.000000;13733
2689;1.000000;13740
2696;1.000000;13747
2703;1.000000;13754
2710;1.000000;13761
2717;1.000000;13768
2724;1.000000;13775
2731;1.000000;13782
2738;1.000000;13789
2745;1.000000;13796
2752;1.000000;13803
2759;1.000000;13810
2766;1.000000;13817
2774;1.000000;13825
2781;1.000000;13832
2788;1.000000;13839
2795;1.000000;13846
2802;1.000000;13853
2809;1.000000;13860
2816;1.000000;13867
2823;1.000000;13874
2830;1.000000;13881
2837;1.000000;13888
2844;1.000000;13895
2851;1.000000;13902
2860;1.000000;13911
2868;1.000000;13919
2876;1.000000;13927
2884;1.000000;13935
2892;1.000000;13943
2900;1.000000;13951
2908;1.000000;13959
2916;1.000000;13967
2924;1.000000;13975
2932;1.000000;13983
2940;1.000000;13991
2948;1.000000;13999
2956;1.000000;14007
2964;1.000000;14015
2972;1.000000;14023
2981;1.000000;14032
2990;1.000000;14041
2999;1.000000;14050
3006;1.000000;14057
3015;1.000000;14066
3024;1.000000;14075
3033;1.000000;14084
3042;1.000000;14093
3051;1.000000;14102
3060;1.000000;14111
3069;1.000000;14120
3078;1.000000;14129
3087;1.000000;14138
3096;1.000000;14147
3105;1.000000;14156
3114;1.000000;14165
3123;1.000000;14174
3132;1.000000;14183
3141;1.000000;14192
3150;1.000000;14201
3159;1.000000;14210
3168;1.000000;14219
3177;1.000000;14228
3186;1.000000;14237
3195;1.000000;14246
3204;1.000000;14255
3213;1.000000;14264
3222;1.000000;14273
3231;1.000000;14282
3240;1.000000;14291
3249;1.000000;14300
3258;1.000000;14309
3267;1.000000;14318
3276;1.000000;14327
3285;1.000000;14336
3294;1.000000;14345
3303;1.000000;14354
3312;1.000000;14363
3321;1.000000;14372
3330;1.000000;14381
3339;1.000000;14390
3348;1.000000;14399
3357;1.000000;14408
3366;1.000000;14417
3375;1.000000;14426
3384;1.000000;14435
3393;1.000000;14444
3402;1.000000;14453
3411;1.000000;14462
3419;1.000000;14470
3428;1.000000;14479
3437;1.000000;14488
3446;1.000000;14497
3455;1.000000;14506
3464;1.000000;14515
3473;1.000000;14524
3482;1.000000;14533
3491;1.000000;14542
3500;1.000000;14551
3508;1.000000;14559
3517;1.000000;14568
3526;1.000000;14577
3535;1.000000;14586
3544;1.000000;14595
3552;1.000000;14603
3561;1.000000;14612
3569;1.000000;14620
3578;1.000000;14629
3587;1.000000;14638
3595;1.000000;14646
3604;1.000000;14655
3612;1.000000;14663
3621;1.000000;14672
3629;1.000000;14680
3638;0.000000;14689
3646;0.000000;14697
3655;0.000000;14706
3663;0.000000;14714
3672;0.000000;14723
3680;0.000000;14731
3689;0.000000;14740
3697;0.000000;14748
3706;0.000000;14757
3714;0.000000;14765
3723;0.000000;14774
3731;0.000000;14782
3740;0.000000;14791
3748;0.000000;14799
3757;0.000000;14808
3765;0.000000;14816
3774;0.000000;14825
3782;0.000000;14833
3791;0.000000;14842
3799;0.000000;14850
3808;0.000000;14859
3816;0.000000;14867
3825;0.000000;14876
3833;0.000000;14884
3842;0.000000;14893
3850;0.000000;14901
3859;0.000000;14910
3867;0.000000;14918
3876;0.000000;14927
3884;0.000000;14935
3893;0.000000;14944
3901;0.000000;14952
3910;0.000000;14961
3918;0.000000;14969
3927;0.000000;14978
3935;0.000000;14986
3944;0.000000;14995
3952;0.000000;15003
3961;0.000000;15012
3969;0.000000;15020
3978;0.000000;15029
3986;0.000000;15037
3995;0.000000;15046
4003;0.000000;15054
4012;0.000000;15063
4020;0.000000;15071
4029;0.000000;15080
4037;0.000000;15088
4046;0.000000;15097
4054;0.000000;15105
4063;0.000000;15114
4071;0.000000;15122
4080;0.000000;15131
4088;0.000000;15139
4097;0.000000;15148
4105;0.000000;15156
4114;0.000000;15165
4122;0.000000;15173
4131;0.000000;15182
4139;0.000000;15190
4148;0.000000;15199
4156;0.000000;15207
4165;0.000000;15216
4173;0.000000;15224
4182;0.000000;15233
4190;0.000000;15241
4199;0.000000;15250
4207;0.000000;15258
4216;0.000000;15267
4224;0.000000;15275
4233;0.000000;15284
4241;0.000000;15292
4250;0.000000;15301
4258;0.000000;15309
4267;0.000000;15318
4275;0.000000;15326
4284;0.000000;15335
4292;0.000000;15343
4301;0.000000;15352
4309;0.000000;15360
4318;0.000000;15369
4326;0.000000;15377
4335;0.000000;15386
4343;0.000000;15394
4352;0.000000;15403
4359;0.000000;15410
4367;0.000000;15418
4375;0.000000;15426
4383;0.000000;15434
4391;0.000000;15442
4399;0.000000;15450
4407;0.000000;15458
4415;0.000000;15466
4423;0.000000;15474
4431;0.000000;15482
4439;0.000000;15490
4447;0.000000;15498
4455;0.000000;15506
4463;0.000000;15514
4471;0.000000;15522
4479;0.000000;15530
4487;0.000000;15538
4495;0.000000;15546
4503;0.000000;15554
4510;0.000000;15561
4518;0.000000;15569
4527;0.000000;15578
4536;0.000000;15587
4544;0.000000;15595
4552;0.000000;15603
4560;0.000000;15611
4569;0.000000;15620
4577;0.000000;15628
4585;0.000000;15636
4593;0.000000;15644
4601;0.000000;15652
4609;0.000000;15660
4617;0.000000;15668
4625;0.000000;15676
4634;0.000000;15685
4642;0.000000;15693
4651;0.000000;15702
4660;0.000000;15711
4669;0.000000;15720
4676;0.000000;15727
4684;0.000000;15735
4692;0.000000;15743
4700;0.000000;15751
4708;0.000000;15759
4716;0.000000;15767
4724;0.000000;15775
4732;0.000000;15783
4740;0.000000;15791
4748;0.000000;15799
4756;0.000000;15807
4764;0.000000;15815
4772;0.000000;15823
4780;0.000000;15831
4789;0.000000;15840
4798;0.000000;15849
4807;0.000000;15858
4815;0.000000;15866
4823;0.000000;15874
4832;0.000000;15883
4840;0.000000;15891
4848;0.000000;15899
4856;0.000000;15907
4864;0.000000;15915
4872;0.000000;15923
4880;0.000000;15931
4888;0.000000;15939
4896;0.000000;15947
4904;0.000000;15955
4912;0.000000;15963
4920;0.000000;15971
4928;0.000000;15979
4936;0.000000;15987
4944;0.000000;15995
4952;0.000000;16003
4961;0.000000;16012
4969;0.000000;16020
4977;0.000000;16028
4985;0.000000;16036
4993;0.000000;16044
5001;0.000000;16052
5009;0.000000;16060
5017;0.000000;16068
5025;0.000000;16076
5033;0.000000;16084
5041;0.000000;16092
5049;0.000000;16100
5058;0.000000;16109
5067;0.000000;16118
5075;0.000000;16126
5083;0.000000;16134
5091;0.000000;16142
5099;0.000000;16150
5107;0.000000;16158
5115;0.000000;16166
5123;0.000000;16174
5130;0.000000;16181
5137;0.000000;16188
5145;0.000000;16196
5153;0.000000;16204
5161;0.000000;16212
5169;0.000000;16220
5177;0.000000;16228
5185;0.000000;16236
5193;0.000000;16244
5201;0.000000;16252
5210;0.000000;16261
5217;0.000000;16268
5227;0.000000;16278
5235;0.000000;16286
5243;0.000000;16294
5252;0.000000;16303
5259;0.000000;16310
5267;0.000000;16318
5275;0.000000;16326
5283;0.000000;16334
5290;0.000000;16341
5298;0.000000;16349
5306;0.000000;16357
5315;0.000000;16366
5324;0.000000;16375
5331;0.000000;16382
5339;0.000000;16390
5347;0.000000;16398
5357;0.000000;16408
5365;0.000000;16416
5374;0.000000;16425
5381;0.000000;16432
5389;0.000000;16440
5397;0.000000;16448
5406;0.000000;16457
5414;0.000000;16465
5421;0.000000;16472
5429;0.000000;16480
5437;0.000000;16488
5445;0.000000;16496
5452;0.000000;16503
5460;0.000000;16511
5468;0.000000;16519
5475;0.000000;16526
5483;0.000000;16534
5492;0.000000;16543
5501;0.000000;16552
5509;0.000000;16560
5517;0.000000;16568
5526;0.000000;16577
5534;0.000000;16585
5542;0.000000;16593
5550;0.000000;16601
5558;0.000000;16609
5566;0.000000;16617
5574;0.000000;16625
5583;0.000000;16634
5591;0.000000;16642
5599;0.000000;16650
5607;0.000000;16658
5615;0.000000;16666
5623;0.000000;16674
5632;0.000000;16683
5640;0.000000;16691
5648;0.000000;16699
5655;0.000000;16706
5664;0.000000;16715
5672;0.000000;16723
5680;0.000000;16731
5689;0.000000;16740
5697;0.000000;16748
5705;0.000000;16756
5713;0.000000;16764
5722;0.000000;16773
5730;0.000000;16781
5740;0.000000;16791
5748;0.000000;16799
5755;0.000000;16806
5762;0.000000;16813
5770;0.000000;16821
5777;0.000000;16828
5785;0.000000;16836
5792;0.000000;16843
5800;0.000000;16851
5808;0.000000;16859
5817;0.000000;16868
5825;0.000000;16876
5834;0.000000;16885
