ID;VALUE;TIMESTAMP
0;415.069580;11051
1;414.978027;11052
2;415.069580;11053
3;415.100098;11054
4;415.008545;11055
5;415.039063;11056
6;414.855957;11057
7;414.825439;11058
8;415.008545;11059
9;414.916992;11060
10;415.008545;11061
11;415.039063;11062
12;415.069580;11063
13;415.069580;11064
14;415.161133;11065
15;414.794922;11066
16;414.978027;11067
17;415.008545;11068
18;415.039063;11069
19;414.916992;11070
20;414.916992;11071
21;415.191650;11072
22;414.978027;11073
23;414.916992;11074
24;414.978027;11075
25;415.039063;11076
26;415.008545;11077
27;415.100098;11078
28;415.191650;11079
29;415.069580;11080
30;415.039063;11081
31;415.039063;11082
32;414.703369;11083
33;415.008545;11084
34;415.039063;11085
35;414.855957;11086
36;415.283203;11087
37;414.978027;11088
38;414.978027;11089
39;415.008545;11090
40;415.100098;11091
41;414.886475;11092
42;415.008545;11093
43;414.978027;11094
44;414.886475;11095
45;415.008545;11096
46;414.886475;11097
47;415.069580;11098
48;414.764404;11099
49;415.039063;11100
50;415.100098;11101
51;414.916992;11102
52;414.886475;11103
53;414.916992;11104
54;414.916992;11105
55;415.039063;11106
56;414.825439;11107
57;415.008545;11108
58;414.978027;11109
59;414.886475;11110
60;415.008545;11111
61;415.130615;11112
62;414.916992;11113
63;414.916992;11114
64;414.886475;11115
65;414.825439;11116
66;415.008545;11117
67;414.855957;11118
68;414.916992;11119
69;415.069580;11120
70;415.008545;11121
71;415.130615;11122
72;415.008545;11123
73;414.733887;11124
74;415.008545;11125
75;414.916992;11126
76;414.978027;11127
77;414.978027;11128
78;415.130615;11129
79;415.008545;11130
80;414.825439;11131
81;414.978027;11132
82;415.008545;11133
83;415.008545;11134
84;415.100098;11135
85;415.008545;11136
86;414.886475;11137
87;414.916992;11138
88;415.069580;11139
89;415.069580;11140
90;415.039063;11141
91;414.825439;11142
92;414.794922;11143
93;414.886475;11144
94;415.039063;11145
95;414.916992;11146
96;414.916992;11147
97;415.008545;11148
98;414.794922;11149
99;414.916992;11150
100;415.100098;11151
101;415.008545;11152
102;414.978027;11153
103;415.100098;11154
104;414.978027;11155
105;414.855957;11156
106;414.978027;11157
107;414.886475;11158
108;414.978027;11159
109;415.008545;11160
110;414.978027;11161
111;414.978027;11162
112;414.855957;11163
113;414.886475;11164
114;415.100098;11165
115;415.130615;11166
116;414.825439;11167
117;415.069580;11168
118;414.855957;11169
119;414.978027;11170
120;414.978027;11171
121;415.283203;11172
122;415.069580;11173
123;414.764404;11174
124;414.886475;11175
125;414.916992;11176
126;415.008545;11177
127;414.855957;11178
128;415.130615;11179
129;415.008545;11180
130;415.069580;11181
131;415.069580;11182
132;415.069580;11183
133;415.039063;11184
134;415.008545;11185
135;415.039063;11186
136;415.039063;11187
137;414.916992;11188
138;414.886475;11189
139;415.130615;11190
140;415.039063;11191
141;415.191650;11192
142;415.130615;11193
143;414.916992;11194
144;414.978027;11195
145;415.039063;11196
146;415.039063;11197
147;415.252686;11198
148;415.008545;11199
149;414.825439;11200
150;415.039063;11201
151;415.039063;11202
152;415.039063;11203
153;414.916992;11204
154;414.794922;11205
155;414.978027;11206
156;414.978027;11207
157;415.130615;11208
158;415.161133;11209
159;414.825439;11210
160;415.039063;11211
161;414.886475;11212
162;415.008545;11213
163;414.978027;11214
164;415.130615;11215
165;414.978027;11216
166;414.764404;11217
167;414.855957;11218
168;414.978027;11219
169;415.069580;11220
170;415.100098;11221
171;414.978027;11222
172;414.916992;11223
173;414.978027;11224
174;415.039063;11225
175;414.978027;11226
176;414.978027;11227
177;415.130615;11228
178;414.855957;11229
179;414.733887;11230
180;414.916992;11231
181;414.886475;11232
182;415.039063;11233
183;415.130615;11234
184;415.039063;11235
185;414.978027;11236
186;414.855957;11237
187;414.855957;11238
188;415.039063;11239
189;415.100098;11240
190;415.252686;11241
191;415.039063;11242
192;414.855957;11243
193;415.100098;11244
194;414.825439;11245
195;415.130615;11246
196;414.916992;11247
197;414.825439;11248
198;414.886475;11249
199;415.161133;11250
200;414.855957;11251
201;414.916992;11252
202;415.130615;11253
203;415.008545;11254
204;414.855957;11255
205;414.855957;11256
206;415.008545;11257
207;414.855957;11258
208;415.283203;11259
209;415.039063;11260
210;414.855957;11261
211;414.825439;11262
212;414.916992;11263
213;414.916992;11264
214;414.886475;11265
215;415.039063;11266
216;414.855957;11267
217;414.886475;11268
218;414.916992;11269
219;415.100098;11270
220;415.100098;11271
221;415.069580;11272
222;415.069580;11273
223;414.794922;11274
224;415.039063;11275
225;415.008545;11276
226;414.916992;11277
227;414.916992;11278
228;415.039063;11279
229;415.069580;11280
230;414.855957;11281
231;415.008545;11282
232;415.069580;11283
233;415.161133;11284
234;415.069580;11285
235;414.978027;11286
236;414.978027;11287
237;415.039063;11288
238;414.916992;11289
239;415.008545;11290
240;415.130615;11291
241;414.825439;11292
242;414.886475;11293
243;415.008545;11294
244;415.039063;11295
245;415.039063;11296
246;415.008545;11297
247;415.039063;11298
248;415.008545;11299
249;414.916992;11300
250;414.825439;11301
251;414.886475;11302
252;414.978027;11303
253;414.916992;11304
254;415.161133;11305
255;415.161133;11306
256;415.069580;11307
257;415.100098;11308
258;414.825439;11309
259;414.855957;11310
260;414.825439;11311
261;415.161133;11312
262;415.008545;11313
263;414.978027;11314
264;415.069580;11315
265;414.978027;11316
266;415.008545;11317
267;415.039063;11318
268;415.008545;11319
269;414.978027;11320
270;414.916992;11321
271;415.069580;11322
272;415.008545;11323
273;414.978027;11324
274;415.283203;11325
275;415.008545;11326
276;415.008545;11327
277;414.703369;11328
278;415.008545;11329
279;415.008545;11330
280;415.130615;11331
281;415.008545;11332
282;415.008545;11333
283;415.069580;11334
284;414.886475;11335
285;415.069580;11336
286;415.039063;11337
287;415.191650;11338
288;415.008545;11339
289;414.794922;11340
290;414.794922;11341
291;415.039063;11342
292;415.130615;11343
293;415.039063;11344
294;415.100098;11345
295;415.069580;11346
296;414.703369;11347
297;414.886475;11348
298;415.008545;11349
299;414.916992;11350
300;415.100098;11351
301;415.191650;11352
302;415.008545;11353
303;414.733887;11354
304;414.794922;11355
305;414.886475;11356
306;415.008545;11357
307;415.008545;11358
308;415.069580;11359
309;415.069580;11360
310;414.886475;11361
311;414.886475;11362
312;415.008545;11363
313;414.916992;11364
314;414.825439;11365
315;415.252686;11366
316;415.100098;11367
317;415.130615;11368
318;414.794922;11369
319;414.764404;11370
320;415.191650;11371
321;415.161133;11372
322;414.978027;11373
323;415.069580;11374
324;415.069580;11375
325;414.794922;11376
326;415.069580;11377
327;414.978027;11378
328;415.039063;11379
329;415.069580;11380
330;415.039063;11381
331;415.100098;11382
332;414.825439;11383
333;415.008545;11384
334;414.978027;11385
335;414.916992;11386
336;414.886475;11387
337;414.886475;11388
338;414.855957;11389
339;415.130615;11390
340;415.130615;11391
341;414.886475;11392
342;415.008545;11393
343;414.978027;11394
344;414.825439;11395
345;415.069580;11396
346;414.978027;11397
347;415.130615;11398
348;415.161133;11399
349;415.130615;11400
350;415.039063;11401
351;414.916992;11402
352;415.100098;11403
353;415.008545;11404
354;415.069580;11405
355;414.916992;11406
356;414.886475;11407
357;414.794922;11408
358;415.069580;11409
359;414.978027;11410
360;415.069580;11411
361;414.916992;11412
362;414.855957;11413
363;414.855957;11414
364;414.825439;11415
365;414.916992;11416
366;415.191650;11417
367;415.008545;11418
368;415.100098;11419
369;414.978027;11420
370;414.916992;11421
371;414.886475;11422
372;415.039063;11423
373;415.100098;11424
374;414.916992;11425
375;415.008545;11426
376;415.069580;11427
377;415.039063;11428
378;415.130615;11429
379;414.978027;11430
380;415.008545;11431
381;414.794922;11432
382;414.733887;11433
383;415.039063;11434
384;415.069580;11435
385;415.191650;11436
386;415.252686;11437
387;415.008545;11438
388;415.008545;11439
389;414.855957;11440
390;415.069580;11441
391;414.886475;11442
392;415.039063;11443
393;415.069580;11444
394;414.764404;11445
395;414.703369;11446
396;414.886475;11447
397;414.916992;11448
398;414.855957;11449
399;415.130615;11450
400;414.886475;11451
401;414.825439;11452
402;414.886475;11453
403;415.039063;11454
404;415.130615;11455
405;415.069580;11456
406;415.100098;11457
407;414.794922;11458
408;414.886475;11459
409;414.886475;11460
410;414.886475;11461
411;414.886475;11462
412;415.039063;11463
413;414.886475;11464
414;414.825439;11465
415;414.978027;11466
416;415.100098;11467
417;414.978027;11468
418;415.069580;11469
419;415.069580;11470
420;415.039063;11471
421;415.008545;11472
422;414.733887;11473
423;414.886475;11474
424;414.855957;11475
425;414.733887;11476
426;415.130615;11477
427;415.100098;11478
428;414.978027;11479
429;414.825439;11480
430;414.886475;11481
431;414.916992;11482
432;414.886475;11483
433;414.916992;11484
434;414.886475;11485
435;415.130615;11486
436;414.825439;11487
437;414.886475;11488
438;414.978027;11489
439;414.978027;11490
440;415.130615;11491
441;414.825439;11492
442;415.130615;11493
443;415.161133;11494
444;414.855957;11495
445;414.886475;11496
446;414.855957;11497
447;415.039063;11498
448;414.978027;11499
449;414.916992;11500
450;414.978027;11501
451;414.978027;11502
452;414.825439;11503
453;414.825439;11504
454;415.100098;11505
455;415.008545;11506
456;414.886475;11507
457;414.855957;11508
458;415.008545;11509
459;414.886475;11510
460;415.008545;11511
461;414.886475;11512
462;414.855957;11513
463;415.069580;11514
464;414.794922;11515
465;415.008545;11516
466;414.916992;11517
467;414.916992;11518
468;415.100098;11519
469;415.008545;11520
470;415.008545;11521
471;414.916992;11522
472;414.703369;11523
473;415.039063;11524
474;415.039063;11525
475;415.069580;11526
476;414.825439;11527
477;414.916992;11528
478;415.008545;11529
479;414.825439;11530
480;415.039063;11531
481;415.039063;11532
482;415.008545;11533
483;414.794922;11534
484;414.794922;11535
485;414.916992;11536
486;414.978027;11537
487;415.008545;11538
488;415.069580;11539
489;414.916992;11540
490;414.703369;11541
491;414.916992;11542
492;415.039063;11543
493;414.825439;11544
494;415.191650;11545
495;415.069580;11546
496;414.703369;11547
497;414.764404;11548
498;414.916992;11549
499;415.130615;11550
500;415.039063;11551
501;415.100098;11552
502;415.008545;11553
503;414.916992;11554
504;414.916992;11555
505;414.825439;11556
506;415.008545;11557
507;414.886475;11558
508;415.008545;11559
509;415.039063;11560
510;414.825439;11561
511;414.825439;11562
512;415.039063;11563
513;414.855957;11564
514;415.039063;11565
515;414.886475;11566
516;415.161133;11567
517;415.039063;11568
518;414.978027;11569
519;415.039063;11570
520;414.978027;11571
521;414.978027;11572
522;415.039063;11573
523;415.100098;11574
524;415.130615;11575
525;415.008545;11576
526;415.008545;11577
527;415.008545;11578
528;414.794922;11579
529;415.039063;11580
530;415.100098;11581
531;415.008545;11582
532;415.069580;11583
533;415.008545;11584
534;415.008545;11585
535;414.794922;11586
536;414.916992;11587
537;414.978027;11588
538;415.100098;11589
539;414.825439;11590
540;414.916992;11591
541;415.100098;11592
542;414.794922;11593
543;414.794922;11594
544;414.855957;11595
545;415.008545;11596
546;415.039063;11597
547;415.130615;11598
548;415.008545;11599
549;414.978027;11600
550;415.039063;11601
551;414.703369;11602
552;414.703369;11603
553;414.886475;11604
554;415.008545;11605
555;415.039063;11606
556;415.039063;11607
557;415.069580;11608
558;415.039063;11609
559;415.069580;11610
560;414.886475;11611
561;414.916992;11612
562;415.008545;11613
563;415.069580;11614
564;414.764404;11615
565;414.855957;11616
566;415.008545;11617
567;414.978027;11618
568;414.855957;11619
569;415.191650;11620
570;415.161133;11621
571;415.008545;11622
572;414.794922;11623
573;415.039063;11624
574;415.039063;11625
575;415.130615;11626
576;415.039063;11627
577;415.252686;11628
578;415.008545;11629
579;415.130615;11630
580;414.794922;11631
581;415.100098;11632
582;415.039063;11633
583;415.161133;11634
584;414.886475;11635
585;414.825439;11636
586;414.916992;11637
587;415.039063;11638
588;415.039063;11639
589;415.039063;11640
590;414.794922;11641
591;415.039063;11642
592;414.886475;11643
593;415.008545;11644
594;415.069580;11645
595;415.100098;11646
596;414.978027;11647
597;415.008545;11648
598;415.069580;11649
599;415.252686;11650
600;415.008545;11651
601;414.916992;11652
602;414.886475;11653
603;414.886475;11654
604;415.069580;11655
605;414.978027;11656
606;415.100098;11657
607;415.130615;11658
608;415.069580;11659
609;414.978027;11660
610;414.855957;11661
611;415.008545;11662
612;415.069580;11663
613;415.008545;11664
614;414.886475;11665
615;414.916992;11666
616;415.100098;11667
617;414.978027;11668
618;414.703369;11669
619;414.855957;11670
620;414.764404;11671
621;415.039063;11672
622;415.161133;11673
623;415.008545;11674
624;415.008545;11675
625;415.039063;11676
626;414.825439;11677
627;414.733887;11678
628;414.825439;11679
629;414.916992;11680
630;415.039063;11681
631;414.886475;11682
632;415.069580;11683
633;415.130615;11684
634;414.916992;11685
635;414.855957;11686
636;415.008545;11687
637;415.008545;11688
638;414.978027;11689
639;414.855957;11690
640;415.100098;11691
641;414.886475;11692
642;415.039063;11693
643;414.794922;11694
644;414.916992;11695
645;414.855957;11696
646;415.100098;11697
647;414.886475;11698
648;415.100098;11699
649;414.978027;11700
650;414.978027;11701
651;414.886475;11702
652;414.855957;11703
653;414.978027;11704
654;414.916992;11705
655;414.855957;11706
656;415.008545;11707
657;414.978027;11708
658;414.764404;11709
659;415.008545;11710
660;415.069580;11711
661;414.764404;11712
662;414.886475;11713
663;414.978027;11714
664;414.794922;11715
665;414.825439;11716
666;414.733887;11717
667;414.886475;11718
668;415.130615;11719
669;415.130615;11720
670;415.008545;11721
671;414.916992;11722
672;415.161133;11723
673;414.978027;11724
674;415.100098;11725
675;414.978027;11726
676;415.039063;11727
677;414.978027;11728
678;414.825439;11729
679;414.855957;11730
680;415.069580;11731
681;415.069580;11732
682;415.161133;11733
683;414.916992;11734
684;414.794922;11735
685;415.008545;11736
686;414.886475;11737
687;415.100098;11738
688;415.130615;11739
689;415.100098;11740
690;415.039063;11741
691;415.008545;11742
692;414.978027;11743
693;415.100098;11744
694;415.161133;11745
695;415.039063;11746
696;415.039063;11747
697;414.855957;11748
698;414.764404;11749
699;414.978027;11750
700;415.039063;11751
701;414.855957;11752
702;415.069580;11753
703;414.916992;11754
704;415.069580;11755
705;414.886475;11756
706;414.886475;11757
707;415.069580;11758
708;415.039063;11759
709;415.008545;11760
710;415.191650;11761
711;414.733887;11762
712;415.008545;11763
713;414.978027;11764
714;414.916992;11765
715;414.886475;11766
716;415.130615;11767
717;415.008545;11768
718;415.008545;11769
719;414.794922;11770
720;415.008545;11771
721;414.825439;11772
722;415.161133;11773
723;415.130615;11774
724;415.283203;11775
725;415.008545;11776
726;414.886475;11777
727;414.855957;11778
728;415.039063;11779
729;415.039063;11780
730;415.039063;11781
731;415.069580;11782
732;414.886475;11783
733;414.764404;11784
734;415.039063;11785
735;415.069580;11786
736;415.039063;11787
737;414.978027;11788
738;415.008545;11789
739;414.916992;11790
740;414.825439;11791
741;414.978027;11792
742;415.039063;11793
743;415.039063;11794
744;415.039063;11795
745;415.100098;11796
746;414.825439;11797
747;414.886475;11798
748;415.161133;11799
749;415.008545;11800
750;415.069580;11801
751;415.069580;11802
752;414.978027;11803
753;415.039063;11804
754;414.916992;11805
755;414.978027;11806
756;415.069580;11807
757;415.008545;11808
758;415.039063;11809
759;414.886475;11810
760;414.978027;11811
761;414.886475;11812
762;414.916992;11813
763;415.191650;11814
764;414.916992;11815
765;414.978027;11816
766;414.978027;11817
767;414.794922;11818
768;414.916992;11819
769;414.916992;11820
770;415.008545;11821
771;414.764404;11822
772;415.039063;11823
773;415.130615;11824
774;414.978027;11825
775;415.130615;11826
776;414.855957;11827
777;414.825439;11828
778;415.069580;11829
779;414.886475;11830
780;415.008545;11831
781;415.069580;11832
782;414.855957;11833
783;414.611816;11834
784;414.733887;11835
785;414.978027;11836
786;415.069580;11837
787;415.039063;11838
788;415.283203;11839
789;414.886475;11840
790;414.978027;11841
791;415.008545;11842
792;414.978027;11843
793;415.161133;11844
794;415.252686;11845
795;415.008545;11846
796;414.855957;11847
797;415.008545;11848
798;414.855957;11849
799;414.825439;11850
800;414.978027;11851
801;415.039063;11852
802;414.794922;11853
803;415.008545;11854
804;415.069580;11855
805;414.916992;11856
806;415.069580;11857
807;415.069580;11858
808;414.855957;11859
809;414.703369;11860
810;414.916992;11861
811;415.008545;11862
812;415.039063;11863
813;415.039063;11864
814;415.008545;11865
815;415.100098;11866
816;414.886475;11867
817;414.978027;11868
818;415.161133;11869
819;414.978027;11870
820;415.069580;11871
821;415.008545;11872
822;414.794922;11873
823;415.008545;11874
824;414.916992;11875
825;414.886475;11876
826;415.069580;11877
827;415.100098;11878
828;414.794922;11879
829;416.687012;11880
830;415.130615;11881
831;414.886475;11882
832;414.794922;11883
833;415.008545;11884
834;415.008545;11885
835;414.978027;11886
836;414.855957;11887
837;414.978027;11888
838;414.978027;11889
839;415.008545;11890
840;415.008545;11891
841;415.008545;11892
842;415.069580;11893
843;414.855957;11894
844;414.794922;11895
845;415.008545;11896
846;415.039063;11897
847;415.008545;11898
848;415.100098;11899
849;415.069580;11900
850;414.794922;11901
851;414.886475;11902
852;414.886475;11903
853;414.855957;11904
854;414.916992;11905
855;414.916992;11906
856;414.855957;11907
857;414.855957;11908
858;414.886475;11909
859;414.916992;11910
860;415.008545;11911
861;414.916992;11912
862;414.916992;11913
863;415.039063;11914
864;415.069580;11915
865;414.886475;11916
866;414.916992;11917
867;415.069580;11918
868;414.855957;11919
869;415.008545;11920
870;414.794922;11921
871;414.886475;11922
872;414.916992;11923
873;414.886475;11924
874;414.978027;11925
875;415.161133;11926
876;414.978027;11927
877;414.733887;11928
878;414.825439;11929
879;414.978027;11930
880;414.978027;11931
881;414.916992;11932
882;415.008545;11933
883;414.916992;11934
884;415.069580;11935
885;414.855957;11936
886;414.886475;11937
887;414.855957;11938
888;414.886475;11939
889;414.855957;11940
890;415.008545;11941
891;415.100098;11942
892;414.916992;11943
893;414.916992;11944
894;414.855957;11945
895;414.916992;11946
896;415.008545;11947
897;415.039063;11948
898;415.130615;11949
899;414.886475;11950
900;415.069580;11951
901;414.916992;11952
902;415.008545;11953
903;414.886475;11954
904;415.100098;11955
905;415.069580;11956
906;414.886475;11957
907;414.794922;11958
908;415.039063;11959
909;415.130615;11960
910;415.069580;11961
911;415.039063;11962
912;415.130615;11963
913;414.886475;11964
914;414.886475;11965
915;414.916992;11966
916;415.008545;11967
917;414.978027;11968
918;415.161133;11969
919;415.008545;11970
920;414.886475;11971
921;414.978027;11972
922;415.069580;11973
923;414.794922;11974
924;415.100098;11975
925;415.008545;11976
926;415.069580;11977
927;414.916992;11978
928;415.252686;11979
929;415.008545;11980
930;415.069580;11981
931;414.886475;11982
932;415.069580;11983
933;414.978027;11984
934;415.039063;11985
935;414.886475;11986
936;415.008545;11987
937;414.978027;11988
938;415.008545;11989
939;415.008545;11990
940;415.161133;11991
941;414.886475;11992
942;414.886475;11993
943;415.008545;11994
944;414.916992;11995
945;415.008545;11996
946;414.825439;11997
947;415.161133;11998
948;414.978027;11999
949;414.642334;12000
950;415.069580;12001
951;414.825439;12002
952;415.130615;12003
953;415.008545;12004
954;415.100098;12005
955;415.039063;12006
956;414.825439;12007
957;414.916992;12008
958;414.886475;12009
959;414.855957;12010
960;415.130615;12011
961;415.039063;12012
962;415.008545;12013
963;414.978027;12014
964;415.100098;12015
965;414.764404;12016
966;415.252686;12017
967;414.764404;12018
968;415.069580;12019
969;415.008545;12020
970;414.978027;12021
971;415.069580;12022
972;415.008545;12023
973;414.886475;12024
974;415.039063;12025
975;414.978027;12026
976;414.886475;12027
977;415.039063;12028
978;415.069580;12029
979;414.978027;12030
980;414.916992;12031
981;414.916992;12032
982;414.978027;12033
983;415.039063;12034
984;415.008545;12035
985;414.764404;12036
986;415.313721;12037
987;415.313721;12038
988;415.039063;12039
989;414.978027;12040
990;414.916992;12041
991;414.886475;12042
992;414.916992;12043
993;414.855957;12044
994;415.069580;12045
995;415.008545;12046
996;415.130615;12047
997;414.978027;12048
998;414.764404;12049
999;414.825439;12050
1000;415.008545;12051
1001;415.008545;12052
1002;414.886475;12053
1003;415.008545;12054
1004;415.161133;12055
1005;414.978027;12056
1006;415.008545;12057
1007;414.855957;12058
1008;414.978027;12059
1009;414.916992;12060
1010;414.825439;12061
1011;415.161133;12062
1012;415.008545;12063
1013;414.916992;12064
1014;414.855957;12065
1015;415.100098;12066
1016;415.039063;12067
1017;415.100098;12068
1018;415.039063;12069
1019;415.130615;12070
1020;414.978027;12071
1021;414.733887;12072
1022;414.916992;12073
1023;414.978027;12074
1024;414.886475;12075
1025;415.130615;12076
1026;415.191650;12077
1027;415.008545;12078
1028;414.978027;12079
1029;415.008545;12080
1030;415.039063;12081
1031;415.252686;12082
1032;414.978027;12083
1033;414.886475;12084
1034;414.916992;12085
1035;414.916992;12086
1036;415.039063;12087
1037;414.978027;12088
1038;415.100098;12089
1039;415.100098;12090
1040;415.161133;12091
1041;414.886475;12092
1042;414.825439;12093
1043;414.886475;12094
1044;414.855957;12095
1045;415.069580;12096
1046;415.008545;12097
1047;415.130615;12098
1048;415.130615;12099
1049;414.855957;12100
1050;415.039063;12101
1051;414.855957;12102
1052;415.039063;12103
1053;415.283203;12104
1054;415.069580;12105
1055;415.008545;12106
1056;415.130615;12107
1057;415.130615;12108
1058;414.886475;12109
1059;414.855957;12110
1060;414.978027;12111
1061;415.100098;12112
1062;414.916992;12113
1063;415.069580;12114
1064;415.161133;12115
1065;414.978027;12116
1066;414.794922;12117
1067;415.069580;12118
1068;415.039063;12119
1069;415.161133;12120
1070;415.069580;12121
1071;415.344238;12122
1072;414.794922;12123
1073;414.794922;12124
1074;414.825439;12125
1075;414.916992;12126
1076;414.886475;12127
1077;414.916992;12128
1078;414.916992;12129
1079;414.916992;12130
1080;414.764404;12131
1081;415.008545;12132
1082;414.916992;12133
1083;414.794922;12134
1084;414.825439;12135
1085;415.100098;12136
1086;415.130615;12137
1087;414.886475;12138
1088;414.855957;12139
1089;414.886475;12140
1090;415.130615;12141
1091;415.252686;12142
1092;414.978027;12143
1093;415.161133;12144
1094;415.069580;12145
1095;415.313721;12146
1096;414.794922;12147
1097;414.886475;12148
1098;415.069580;12149
1099;415.039063;12150
1100;415.069580;12151
1101;415.130615;12152
1102;415.100098;12153
1103;415.008545;12154
1104;415.039063;12155
1105;414.825439;12156
1106;414.855957;12157
1107;414.794922;12158
1108;415.039063;12159
1109;414.855957;12160
1110;415.039063;12161
1111;414.916992;12162
1112;414.916992;12163
1113;415.008545;12164
1114;415.100098;12165
1115;415.069580;12166
1116;414.825439;12167
1117;414.855957;12168
1118;414.916992;12169
1119;415.069580;12170
1120;414.978027;12171
1121;414.978027;12172
1122;415.161133;12173
1123;415.008545;12174
1124;414.855957;12175
1125;414.886475;12176
1126;414.978027;12177
1127;415.069580;12178
1128;414.825439;12179
1129;414.916992;12180
1130;414.886475;12181
1131;415.069580;12182
1132;415.069580;12183
1133;415.069580;12184
1134;414.916992;12185
1135;414.886475;12186
1136;414.978027;12187
1137;414.978027;12188
1138;415.069580;12189
1139;415.100098;12190
1140;414.825439;12191
1141;415.039063;12192
1142;415.008545;12193
1143;415.039063;12194
1144;415.130615;12195
1145;414.916992;12196
1146;414.916992;12197
1147;415.008545;12198
1148;415.039063;12199
1149;415.008545;12200
1150;414.825439;12201
1151;415.069580;12202
1152;415.161133;12203
1153;415.039063;12204
1154;414.886475;12205
1155;414.855957;12206
1156;415.069580;12207
1157;415.130615;12208
1158;414.916992;12209
1159;415.039063;12210
1160;414.916992;12211
1161;414.916992;12212
1166;414.978027;12217
1174;415.008545;12225
1181;415.008545;12232
1189;414.855957;12240
1196;414.733887;12247
1203;414.825439;12254
1210;415.313721;12261
1217;415.130615;12268
1224;414.764404;12275
1231;415.161133;12282
1239;415.191650;12290
1246;415.130615;12297
1254;415.039063;12305
1261;415.100098;12312
1268;414.916992;12319
1275;415.008545;12326
1282;415.069580;12333
1289;415.008545;12340
1296;414.794922;12347
1304;415.252686;12355
1311;415.039063;12362
1318;414.916992;12369
1325;414.825439;12376
1332;414.916992;12383
1339;415.161133;12390
1346;414.916992;12397
1353;415.008545;12404
1360;415.069580;12411
1367;414.886475;12418
1374;414.978027;12425
1381;415.069580;12432
1388;414.825439;12439
1395;414.886475;12446
1402;414.916992;12453
1409;414.794922;12460
1416;414.916992;12467
1423;415.069580;12474
1430;415.069580;12481
1437;414.978027;12488
1445;415.191650;12496
1452;415.039063;12503
1459;414.916992;12510
1466;415.039063;12517
1473;415.130615;12524
1480;415.069580;12531
1487;415.100098;12538
1494;415.069580;12545
1501;415.283203;12552
1509;414.825439;12560
1516;414.825439;12567
1524;415.100098;12575
1531;414.916992;12582
1539;414.886475;12590
1546;415.069580;12597
1553;414.886475;12604
1560;415.008545;12611
1567;414.886475;12618
1574;415.008545;12625
1581;414.916992;12632
1588;414.916992;12639
1595;415.008545;12646
1602;415.039063;12653
1609;414.978027;12660
1616;414.978027;12667
1623;415.100098;12674
1630;415.069580;12681
1637;415.069580;12688
1644;414.978027;12695
1651;415.039063;12702
1658;414.978027;12709
1665;414.855957;12716
1672;414.794922;12723
1679;415.100098;12730
1686;415.100098;12737
1693;414.825439;12744
1700;414.855957;12751
1707;414.886475;12758
1714;415.100098;12765
1721;414.794922;12772
1728;415.100098;12779
1735;414.978027;12786
1742;414.855957;12793
1749;414.886475;12800
1756;414.916992;12807
1763;414.794922;12814
1770;415.039063;12821
1777;414.978027;12828
1784;414.825439;12835
1791;415.130615;12842
1798;415.008545;12849
1805;414.916992;12856
1812;415.161133;12863
1819;414.916992;12870
1826;414.733887;12877
1833;415.069580;12884
1840;415.039063;12891
1847;414.886475;12898
1854;414.886475;12905
1861;415.008545;12912
1868;414.916992;12919
1875;414.978027;12926
1882;414.916992;12933
1889;415.069580;12940
1896;415.069580;12947
1903;414.855957;12954
1910;414.855957;12961
1917;415.039063;12968
1924;415.100098;12975
1931;414.825439;12982
1938;415.039063;12989
1945;415.069580;12996
1952;414.733887;13003
1960;415.069580;13011
1967;415.008545;13018
1974;414.764404;13025
1981;414.764404;13032
1988;414.794922;13039
1995;415.039063;13046
2002;414.916992;13053
2009;414.916992;13060
2016;415.161133;13067
2023;415.069580;13074
2030;415.039063;13081
2037;415.008545;13088
2044;414.886475;13095
2051;414.916992;13102
2058;414.703369;13109
2065;415.069580;13116
2072;415.100098;13123
2079;415.191650;13130
2086;414.978027;13137
2093;415.130615;13144
2100;414.886475;13151
2107;414.855957;13158
2114;414.978027;13165
2121;415.008545;13172
2128;414.916992;13179
2135;414.642334;13186
2142;415.069580;13193
2149;415.130615;13200
2156;415.039063;13207
2163;415.069580;13214
2171;415.008545;13222
2178;415.039063;13229
2185;414.916992;13236
2192;415.191650;13243
2199;415.008545;13250
2206;415.069580;13257
2213;414.916992;13264
2220;415.130615;13271
2227;415.008545;13278
2234;415.008545;13285
2241;414.886475;13292
2248;415.069580;13299
2255;415.161133;13306
2262;414.978027;13313
2269;414.886475;13320
2276;414.825439;13327
2283;414.886475;13334
2290;415.069580;13341
2297;415.130615;13348
2304;415.252686;13355
2311;415.069580;13362
2318;414.794922;13369
2325;415.008545;13376
2332;415.008545;13383
2339;415.130615;13390
2346;414.886475;13397
2353;414.916992;13404
2360;415.100098;13411
2367;415.252686;13418
2374;414.764404;13425
2381;414.855957;13432
2388;415.039063;13439
2395;415.069580;13446
2402;415.008545;13453
2409;415.069580;13460
2416;415.130615;13467
2423;415.039063;13474
2430;415.039063;13481
2437;414.764404;13488
2444;414.825439;13495
2451;414.794922;13502
2458;415.130615;13509
2465;414.978027;13516
2472;414.978027;13523
2479;414.916992;13530
2486;414.916992;13537
2493;414.825439;13544
2500;414.855957;13551
2507;415.069580;13558
2514;415.069580;13565
2521;415.039063;13572
2528;414.916992;13579
2535;414.794922;13586
2542;415.161133;13593
2549;415.069580;13600
2556;414.916992;13607
2563;415.130615;13614
2570;414.794922;13621
2577;415.161133;13628
2584;414.978027;13635
2591;414.794922;13642
2598;415.008545;13649
2605;414.855957;13656
2612;415.008545;13663
2619;414.978027;13670
2626;415.161133;13677
2633;414.764404;13684
2640;414.916992;13691
2647;414.978027;13698
2654;415.161133;13705
2661;415.008545;13712
2668;415.008545;13719
2675;415.069580;13726
2682;414.916992;13733
2689;414.978027;13740
2696;415.283203;13747
2703;415.069580;13754
2710;414.886475;13761
2717;415.069580;13768
2724;415.100098;13775
2731;414.825439;13782
2738;415.039063;13789
2745;415.069580;13796
2752;414.886475;13803
2759;415.161133;13810
2766;415.161133;13817
2774;415.100098;13825
2781;414.886475;13832
2788;414.916992;13839
2795;415.039063;13846
2802;415.069580;13853
2809;415.039063;13860
2816;415.100098;13867
2823;414.916992;13874
2830;414.886475;13881
2837;415.039063;13888
2844;415.130615;13895
2851;415.069580;13902
2860;414.855957;13911
2868;414.978027;13919
2876;415.100098;13927
2884;415.161133;13935
2892;414.978027;13943
2900;414.978027;13951
2908;414.978027;13959
2916;414.886475;13967
2924;415.069580;13975
2932;415.100098;13983
2940;414.764404;13991
2948;414.886475;13999
2956;414.978027;14007
2964;415.008545;14015
2972;414.978027;14023
2981;415.130615;14032
2990;414.855957;14041
2999;414.978027;14050
3006;414.825439;14057
3015;414.916992;14066
3024;415.130615;14075
3033;414.855957;14084
3042;415.100098;14093
3051;414.825439;14102
3060;414.855957;14111
3069;414.764404;14120
3078;415.069580;14129
3087;414.978027;14138
3096;415.069580;14147
3105;415.069580;14156
3114;415.039063;14165
3123;414.733887;14174
3132;414.886475;14183
3141;415.161133;14192
3150;415.039063;14201
3159;414.886475;14210
3168;414.978027;14219
3177;414.916992;14228
3186;415.100098;14237
3195;414.978027;14246
3204;415.069580;14255
3213;415.161133;14264
3222;415.008545;14273
3231;415.008545;14282
3240;415.069580;14291
3249;414.855957;14300
3258;414.855957;14309
3267;414.886475;14318
3276;414.978027;14327
3285;415.069580;14336
3294;415.100098;14345
3303;415.069580;14354
3312;414.794922;14363
3321;414.855957;14372
3330;415.008545;14381
3339;414.855957;14390
3348;415.161133;14399
3357;414.916992;14408
3366;414.978027;14417
3375;414.794922;14426
3384;414.855957;14435
3393;415.161133;14444
3402;415.039063;14453
3411;414.794922;14462
3419;414.855957;14470
3428;414.764404;14479
3437;415.039063;14488
3446;415.191650;14497
3455;415.008545;14506
3464;415.008545;14515
3473;415.130615;14524
3482;415.161133;14533
3491;415.008545;14542
3500;414.916992;14551
3508;415.039063;14559
3517;414.916992;14568
3526;415.069580;14577
3535;414.978027;14586
3544;415.069580;14595
3552;414.855957;14603
3561;415.069580;14612
3569;415.161133;14620
3578;414.916992;14629
3587;414.916992;14638
3595;414.794922;14646
3604;415.069580;14655
3612;415.130615;14663
3621;414.855957;14672
3629;414.703369;14680
3638;415.039063;14689
3646;415.100098;14697
3655;415.069580;14706
3663;415.130615;14714
3672;415.008545;14723
3680;415.100098;14731
3689;415.069580;14740
3697;415.039063;14748
3706;414.825439;14757
3714;414.886475;14765
3723;414.825439;14774
3731;414.916992;14782
3740;415.008545;14791
3748;415.008545;14799
3757;414.916992;14808
3765;415.100098;14816
3774;415.008545;14825
3782;414.916992;14833
3791;414.916992;14842
3799;415.008545;14850
3808;415.008545;14859
3816;415.008545;14867
3825;414.916992;14876
3833;414.794922;14884
3842;414.764404;14893
3850;414.825439;14901
3859;415.130615;14910
3867;415.069580;14918
3876;415.069580;14927
3884;415.283203;14935
3893;415.161133;14944
3901;415.161133;14952
3910;415.039063;14961
3918;415.039063;14969
3927;414.916992;14978
3935;415.100098;14986
3944;415.161133;14995
3952;415.008545;15003
3961;415.161133;15012
3969;414.978027;15020
3978;415.039063;15029
3986;415.191650;15037
3995;415.039063;15046
4003;415.069580;15054
4012;414.855957;15063
4020;414.916992;15071
4029;414.794922;15080
4037;414.855957;15088
4046;415.069580;15097
4054;414.886475;15105
4063;414.825439;15114
4071;415.100098;15122
4080;415.069580;15131
4088;414.886475;15139
4097;415.008545;15148
4105;415.161133;15156
4114;414.794922;15165
4122;415.008545;15173
4131;414.916992;15182
4139;415.008545;15190
4148;415.039063;15199
4156;414.825439;15207
4165;414.855957;15216
4173;414.978027;15224
4182;414.916992;15233
4190;415.008545;15241
4199;415.069580;15250
4207;414.886475;15258
4216;415.069580;15267
4224;415.008545;15275
4233;415.008545;15284
4241;414.764404;15292
4250;414.733887;15301
4258;414.916992;15309
4267;414.886475;15318
4275;415.130615;15326
4284;414.978027;15335
4292;414.764404;15343
4301;415.008545;15352
4309;414.825439;15360
4318;414.978027;15369
4326;415.100098;15377
4335;415.069580;15386
4343;415.008545;15394
4352;414.855957;15403
4359;414.916992;15410
4367;415.130615;15418
4374;414.886475;15425
4382;415.100098;15433
4391;414.886475;15442
4399;414.794922;15450
4407;414.978027;15458
4415;414.794922;15466
4423;414.794922;15474
4431;415.008545;15482
4438;414.886475;15489
4447;415.069580;15498
4455;414.825439;15506
4463;415.039063;15514
4471;414.855957;15522
4479;415.008545;15530
4486;415.100098;15537
4495;415.161133;15546
4503;415.039063;15554
4510;414.978027;15561
4518;415.161133;15569
4525;415.069580;15576
4532;414.978027;15583
4540;414.978027;15591
4548;414.978027;15599
4557;415.039063;15608
4565;415.008545;15616
4573;414.916992;15624
4581;415.039063;15632
4589;414.916992;15640
4597;414.886475;15648
4605;415.100098;15656
4613;415.161133;15664
4622;414.978027;15673
4630;415.039063;15681
4639;415.069580;15690
4647;414.886475;15698
4654;415.100098;15705
4662;415.191650;15713
4671;415.039063;15722
4680;415.008545;15731
4688;415.069580;15739
4696;415.039063;15747
4704;414.733887;15755
4712;414.916992;15763
4720;415.130615;15771
4728;415.069580;15779
4736;415.039063;15787
4744;415.069580;15795
4752;415.039063;15803
4760;414.978027;15811
4768;414.886475;15819
4776;415.100098;15827
4784;415.100098;15835
4791;414.764404;15842
4800;414.978027;15851
4809;414.855957;15860
4817;414.886475;15868
4826;414.916992;15877
4834;415.100098;15885
4842;415.100098;15893
4850;415.130615;15901
4858;415.008545;15909
4866;415.008545;15917
4874;414.794922;15925
4882;414.794922;15933
4890;414.855957;15941
4898;414.886475;15949
4906;414.978027;15957
4914;415.039063;15965
4923;414.825439;15974
4932;415.008545;15983
4940;415.161133;15991
4948;415.069580;15999
4956;414.886475;16007
4964;414.886475;16015
4973;415.039063;16024
4980;414.978027;16031
4989;415.008545;16040
4996;414.916992;16047
5005;414.978027;16056
5012;414.916992;16063
5020;415.039063;16071
5029;414.825439;16080
5037;415.130615;16088
5044;414.886475;16095
5053;414.916992;16104
5061;415.008545;16112
5069;414.978027;16120
5077;414.825439;16128
5085;414.978027;16136
5093;415.008545;16144
5102;415.100098;16153
5111;415.008545;16162
5119;414.855957;16170
5127;414.886475;16178
5134;415.100098;16185
5142;415.100098;16193
5150;415.100098;16201
5158;414.916992;16209
5166;415.069580;16217
5175;414.825439;16226
5183;415.008545;16234
5190;415.069580;16241
5198;415.008545;16249
5207;414.916992;16258
5216;415.039063;16267
5224;414.886475;16275
5233;414.733887;16284
5241;414.916992;16292
5249;415.039063;16300
5257;414.855957;16308
5265;415.069580;16316
5273;414.886475;16324
5280;415.008545;16331
5290;415.008545;16341
5298;415.161133;16349
5306;415.130615;16357
5315;414.886475;16366
5323;414.916992;16374
5331;415.161133;16382
5339;415.191650;16390
5347;414.794922;16398
5357;414.703369;16408
5365;414.886475;16416
5374;414.825439;16425
5381;415.069580;16432
5389;415.100098;16440
5397;414.978027;16448
5406;414.978027;16457
5414;414.916992;16465
5421;415.161133;16472
5429;414.764404;16480
5437;414.916992;16488
5445;415.039063;16496
5452;414.886475;16503
5460;415.069580;16511
5467;415.069580;16518
5475;415.130615;16526
5483;415.130615;16534
5492;415.039063;16543
5501;414.916992;16552
5509;414.825439;16560
5517;414.916992;16568
5524;415.008545;16575
5531;414.916992;16582
5539;415.039063;16590
5547;414.978027;16598
5555;415.008545;16606
5563;414.855957;16614
5571;415.008545;16622
5580;415.039063;16631
5588;415.039063;16639
5597;414.978027;16648
5604;414.855957;16655
5612;414.916992;16663
5620;415.039063;16671
5628;415.100098;16679
5635;415.100098;16686
5643;414.978027;16694
5652;415.161133;16703
5660;414.855957;16711
5667;414.978027;16718
5675;415.130615;16726
5682;415.100098;16733
5690;415.008545;16741
5697;415.100098;16748
5705;414.794922;16756
5713;414.916992;16764
5722;414.855957;16773
5730;414.794922;16781
5739;415.008545;16790
5748;415.008545;16799
5755;415.130615;16806
5762;415.252686;16813
5769;414.886475;16820
5777;415.039063;16828
5785;415.069580;16836
5792;414.825439;16843
5800;414.978027;16851
5808;415.100098;16859
5817;415.039063;16868
5825;414.825439;16876
5834;414.886475;16885
