ID;VALUE;TIMESTAMP
0;0.010681;53199
1;0.003815;53200
2;-0.003052;53201
3;-0.006866;53202
4;-0.010681;53203
5;-0.021362;53204
6;-0.016785;53205
7;0.006866;53206
8;0.008392;53207
9;0.001526;53208
10;-0.005341;53209
11;-0.006866;53210
12;-0.026703;53211
13;-0.019836;53212
14;-0.016785;53213
15;-0.002289;53214
16;0.003815;53215
17;0.006866;53216
18;0.003815;53217
19;0.000000;53218
20;-0.011444;53219
21;-0.018311;53220
22;-0.032043;53221
23;-0.016022;53222
24;-0.006866;53223
25;0.005341;53224
26;0.001526;53225
27;-0.003052;53226
28;-0.016785;53227
29;-0.012970;53228
30;-0.020599;53229
31;-0.012970;53230
32;0.002289;53231
33;0.005341;53232
34;-0.002289;53233
35;-0.006866;53234
36;-0.010681;53235
37;-0.021362;53236
38;-0.019073;53237
39;-0.003052;53238
40;0.000763;53239
41;0.003052;53240
42;0.000763;53241
43;-0.000763;53242
44;-0.009155;53243
45;-0.019836;53244
46;-0.020599;53245
47;-0.012207;53246
48;0.003815;53247
49;0.002289;53248
50;-0.005341;53249
51;0.003052;53250
52;-0.006866;53251
53;-0.010681;53252
54;-0.020599;53253
55;-0.024414;53254
56;-0.017548;53255
57;0.003815;53256
58;0.008392;53257
59;0.003052;53258
60;0.003815;53259
61;0.003052;53260
62;-0.012207;53261
63;-0.025177;53262
64;-0.023651;53263
65;-0.005341;53264
66;0.006866;53265
67;0.003815;53266
68;0.005341;53267
69;0.001526;53268
70;-0.003052;53269
71;-0.025177;53270
72;-0.019836;53271
73;-0.004578;53272
74;0.003815;53273
75;-0.004578;53274
76;0.001526;53275
77;-0.004578;53276
78;-0.016022;53277
79;-0.025177;53278
80;-0.016022;53279
81;-0.012207;53280
82;0.006866;53281
83;0.005341;53282
84;0.003815;53283
85;-0.004578;53284
86;-0.014496;53285
87;-0.017548;53286
88;-0.016022;53287
89;-0.011444;53288
90;0.003815;53289
91;0.000763;53290
92;0.002289;53291
93;-0.000763;53292
94;-0.007629;53293
95;-0.013733;53294
96;-0.024414;53295
97;-0.020599;53296
98;0.001526;53297
99;0.006866;53298
100;0.000000;53299
101;-0.002289;53300
102;-0.004578;53301
103;-0.019836;53302
104;-0.030518;53303
105;0.000763;53304
106;0.000000;53305
107;0.005341;53306
108;0.003815;53307
109;-0.006866;53308
110;-0.006866;53309
111;-0.019073;53310
112;-0.017548;53311
113;-0.016785;53312
114;-0.003815;53313
115;0.009918;53314
116;-0.002289;53315
117;0.001526;53316
118;-0.007629;53317
119;-0.023651;53318
120;-0.019836;53319
121;-0.010681;53320
122;-0.003815;53321
123;0.002289;53322
124;0.000763;53323
125;-0.005341;53324
126;-0.023651;53325
127;-0.026703;53326
128;-0.013733;53327
129;0.000000;53328
130;0.009155;53329
131;0.003815;53330
132;-0.006104;53331
133;-0.013733;53332
134;-0.023651;53333
135;-0.023651;53334
136;-0.009155;53335
137;0.012970;53336
138;-0.000763;53337
139;0.003815;53338
140;-0.005341;53339
141;-0.019836;53340
142;-0.021362;53341
143;-0.019073;53342
144;-0.014496;53343
145;0.000763;53344
146;0.003815;53345
147;0.000000;53346
148;0.000763;53347
149;-0.000763;53348
150;-0.012207;53349
151;-0.024414;53350
152;-0.009918;53351
153;-0.004578;53352
154;0.009155;53353
155;-0.000763;53354
156;0.006866;53355
157;-0.011444;53356
158;-0.009918;53357
159;-0.022888;53358
160;-0.016785;53359
161;-0.013733;53360
162;0.006104;53361
163;0.003815;53362
164;-0.003815;53363
165;-0.009918;53364
166;-0.006866;53365
167;-0.017548;53366
168;-0.025177;53367
169;-0.009155;53368
170;-0.011444;53369
171;0.009918;53370
172;0.000763;53371
173;-0.007629;53372
174;-0.003052;53373
175;-0.010681;53374
176;-0.019073;53375
177;-0.016022;53376
178;-0.004578;53377
179;-0.000763;53378
180;0.006104;53379
181;0.000763;53380
182;0.000000;53381
183;-0.005341;53382
184;-0.025940;53383
185;-0.021362;53384
186;-0.006104;53385
187;0.002289;53386
188;0.006104;53387
189;0.000000;53388
190;-0.012207;53389
191;-0.022888;53390
192;-0.019836;53391
193;-0.003052;53392
194;-0.005341;53393
195;0.003052;53394
196;-0.004578;53395
197;-0.012970;53396
198;-0.033569;53397
199;-0.022888;53398
200;0.002289;53399
201;0.003052;53400
202;0.000000;53401
203;-0.000763;53402
204;-0.016022;53403
205;-0.020599;53404
206;-0.010681;53405
207;0.006866;53406
208;0.002289;53407
209;-0.012207;53408
210;-0.006104;53409
211;-0.009918;53410
212;-0.016022;53411
213;-0.020599;53412
214;-0.003052;53413
215;0.003815;53414
216;0.005341;53415
217;-0.004578;53416
218;-0.006866;53417
219;-0.017548;53418
220;-0.023651;53419
221;-0.009918;53420
222;0.001526;53421
223;0.006104;53422
224;0.003815;53423
225;-0.003815;53424
226;-0.025940;53425
227;-0.025177;53426
228;-0.012970;53427
229;0.006866;53428
230;0.002289;53429
231;0.000000;53430
232;0.003815;53431
233;-0.009918;53432
234;-0.025177;53433
235;-0.013733;53434
236;-0.000763;53435
237;0.006104;53436
238;-0.002289;53437
239;-0.010681;53438
240;-0.017548;53439
241;-0.025940;53440
242;-0.014496;53441
243;-0.005341;53442
244;0.007629;53443
245;-0.000763;53444
246;0.000000;53445
247;-0.004578;53446
248;-0.018311;53447
249;-0.021362;53448
250;-0.005341;53449
251;0.003815;53450
252;-0.010681;53451
253;0.001526;53452
254;-0.006866;53453
255;-0.007629;53454
256;-0.023651;53455
257;-0.022888;53456
258;-0.009918;53457
259;-0.002289;53458
260;0.003815;53459
261;0.003815;53460
262;0.000000;53461
263;-0.016785;53462
264;-0.016785;53463
265;-0.023651;53464
266;-0.009155;53465
267;-0.003052;53466
268;0.010681;53467
269;0.003815;53468
270;-0.005341;53469
271;-0.009155;53470
272;-0.019836;53471
273;-0.029755;53472
274;-0.021362;53473
275;-0.006866;53474
276;0.006866;53475
277;0.001526;53476
278;-0.006866;53477
279;-0.004578;53478
280;-0.023651;53479
281;-0.027466;53480
282;-0.013733;53481
283;0.001526;53482
284;0.006104;53483
285;-0.005341;53484
286;-0.007629;53485
287;-0.012207;53486
288;-0.017548;53487
289;-0.022888;53488
290;-0.019836;53489
291;-0.011444;53490
292;0.000000;53491
293;0.005341;53492
294;0.003052;53493
295;-0.000763;53494
296;-0.003052;53495
297;-0.016022;53496
298;-0.022888;53497
299;-0.014496;53498
300;-0.005341;53499
301;0.003815;53500
302;-0.000763;53501
303;-0.014496;53502
304;-0.026703;53503
305;-0.029755;53504
306;0.003052;53505
307;0.009155;53506
308;0.003815;53507
309;-0.006866;53508
310;-0.012207;53509
311;-0.022888;53510
312;-0.012207;53511
313;0.003052;53512
314;0.000000;53513
315;-0.000763;53514
316;-0.004578;53515
317;-0.012207;53516
318;-0.018311;53517
319;-0.022888;53518
320;-0.007629;53519
321;0.003815;53520
322;0.003815;53521
323;-0.002289;53522
324;-0.003052;53523
325;-0.014496;53524
326;-0.019073;53525
327;-0.024414;53526
328;-0.006104;53527
329;0.002289;53528
330;0.003052;53529
331;0.003815;53530
332;-0.004578;53531
333;-0.007629;53532
334;-0.022888;53533
335;-0.024414;53534
336;-0.011444;53535
337;-0.000763;53536
338;0.003815;53537
339;0.003815;53538
340;0.002289;53539
341;0.003052;53540
342;-0.007629;53541
343;-0.016785;53542
344;-0.018311;53543
345;-0.026703;53544
346;-0.016022;53545
347;-0.009155;53546
348;0.000763;53547
349;0.003815;53548
350;0.001526;53549
351;-0.005341;53550
352;-0.006866;53551
353;-0.029755;53552
354;-0.023651;53553
355;-0.019836;53554
356;-0.016785;53555
357;0.001526;53556
358;0.012207;53557
359;0.006104;53558
360;-0.003052;53559
361;0.000763;53560
362;-0.005341;53561
363;-0.010681;53562
364;-0.019836;53563
365;-0.021362;53564
366;-0.019073;53565
367;-0.003052;53566
368;0.003815;53567
369;0.001526;53568
370;0.003815;53569
371;-0.005341;53570
372;-0.013733;53571
373;-0.020599;53572
374;-0.019073;53573
375;-0.006866;53574
376;-0.007629;53575
377;0.003815;53576
378;0.003815;53577
379;0.000763;53578
380;-0.005341;53579
381;-0.016785;53580
382;-0.020599;53581
383;-0.013733;53582
384;-0.006104;53583
385;-0.000763;53584
386;0.000763;53585
387;-0.007629;53586
388;-0.012207;53587
389;-0.013733;53588
390;-0.028229;53589
391;-0.013733;53590
392;-0.006104;53591
393;0.002289;53592
394;0.000763;53593
395;-0.006104;53594
396;0.000000;53595
397;-0.012207;53596
398;-0.032043;53597
399;-0.012207;53598
400;0.000763;53599
401;0.005341;53600
402;0.003815;53601
403;-0.010681;53602
404;-0.003815;53603
405;-0.020599;53604
406;-0.023651;53605
407;-0.002289;53606
408;0.009155;53607
409;0.009155;53608
410;-0.000763;53609
411;0.000763;53610
412;-0.009155;53611
413;-0.026703;53612
414;-0.018311;53613
415;-0.003815;53614
416;0.007629;53615
417;0.001526;53616
418;-0.012207;53617
419;0.000763;53618
420;-0.003052;53619
421;-0.018311;53620
422;-0.019836;53621
423;-0.022888;53622
424;-0.019073;53623
425;-0.012970;53624
426;0.003815;53625
427;0.007629;53626
428;0.002289;53627
429;0.000000;53628
430;-0.000763;53629
431;-0.003052;53630
432;-0.017548;53631
433;-0.023651;53632
434;-0.007629;53633
435;-0.003052;53634
436;0.003052;53635
437;-0.005341;53636
438;-0.011444;53637
439;-0.006866;53638
440;-0.020599;53639
441;-0.028229;53640
442;-0.012207;53641
443;0.003052;53642
444;0.003815;53643
445;0.003815;53644
446;0.002289;53645
447;-0.002289;53646
448;-0.003052;53647
449;-0.016022;53648
450;-0.023651;53649
451;-0.031281;53650
452;-0.012207;53651
453;0.000000;53652
454;0.012970;53653
455;0.003815;53654
456;0.002289;53655
457;0.000000;53656
458;-0.006104;53657
459;-0.021362;53658
460;-0.025177;53659
461;-0.021362;53660
462;-0.017548;53661
463;-0.006104;53662
464;0.003815;53663
465;0.003815;53664
466;0.002289;53665
467;-0.007629;53666
468;-0.003052;53667
469;-0.009918;53668
470;-0.020599;53669
471;-0.030518;53670
472;-0.009918;53671
473;-0.009155;53672
474;0.003815;53673
475;0.000000;53674
476;0.003815;53675
477;0.000000;53676
478;-0.004578;53677
479;-0.009155;53678
480;-0.007629;53679
481;-0.032806;53680
482;-0.017548;53681
483;-0.000763;53682
484;0.007629;53683
485;0.000000;53684
486;0.002289;53685
487;-0.009155;53686
488;-0.006104;53687
489;-0.020599;53688
490;-0.030518;53689
491;-0.016022;53690
492;-0.003815;53691
493;-0.005341;53692
494;0.002289;53693
495;-0.004578;53694
496;-0.006104;53695
497;0.000763;53696
498;-0.005341;53697
499;-0.017548;53698
500;-0.019073;53699
501;-0.022888;53700
502;0.000000;53701
503;0.007629;53702
504;-0.000763;53703
505;-0.003052;53704
506;-0.004578;53705
507;-0.007629;53706
508;-0.017548;53707
509;-0.018311;53708
510;-0.016022;53709
511;0.001526;53710
512;0.006866;53711
513;0.009918;53712
514;-0.000763;53713
515;-0.006104;53714
516;-0.016785;53715
517;-0.024414;53716
518;-0.018311;53717
519;-0.018311;53718
520;-0.010681;53719
521;0.003815;53720
522;0.003815;53721
523;0.003052;53722
524;0.003815;53723
525;-0.003052;53724
526;-0.007629;53725
527;-0.017548;53726
528;-0.031281;53727
529;-0.021362;53728
530;-0.002289;53729
531;0.000000;53730
532;0.006866;53731
533;-0.002289;53732
534;0.003815;53733
535;-0.000763;53734
536;-0.010681;53735
537;-0.011444;53736
538;-0.016022;53737
539;-0.024414;53738
540;-0.014496;53739
541;0.001526;53740
542;0.010681;53741
543;-0.003815;53742
544;0.008392;53743
545;0.003815;53744
546;-0.007629;53745
547;-0.018311;53746
548;-0.025177;53747
549;-0.019836;53748
550;0.000000;53749
551;0.001526;53750
552;-0.003052;53751
553;-0.009155;53752
554;-0.010681;53753
555;-0.021362;53754
556;-0.013733;53755
557;0.003052;53756
558;0.001526;53757
559;-0.002289;53758
560;0.003815;53759
561;-0.000763;53760
562;-0.003815;53761
563;-0.000763;53762
564;-0.013733;53763
565;-0.017548;53764
566;-0.012207;53765
567;-0.000763;53766
568;0.008392;53767
569;0.005341;53768
570;0.003052;53769
571;-0.003815;53770
572;-0.012207;53771
573;-0.012970;53772
574;-0.021362;53773
575;-0.019836;53774
576;-0.003052;53775
577;0.003052;53776
578;-0.005341;53777
579;-0.003815;53778
580;0.003815;53779
581;-0.000763;53780
582;-0.003052;53781
583;-0.018311;53782
584;-0.025940;53783
585;-0.020599;53784
586;-0.009918;53785
587;0.006104;53786
588;0.001526;53787
589;0.000763;53788
590;-0.002289;53789
591;-0.003815;53790
592;-0.012207;53791
593;-0.020599;53792
594;-0.025177;53793
595;-0.011444;53794
596;-0.000763;53795
597;0.000763;53796
598;0.002289;53797
599;0.000000;53798
600;0.000763;53799
601;-0.009918;53800
602;-0.011444;53801
603;-0.031281;53802
604;-0.016022;53803
605;-0.003815;53804
606;0.006866;53805
607;0.009155;53806
608;0.006866;53807
609;0.003052;53808
610;-0.000763;53809
611;-0.003052;53810
612;-0.020599;53811
613;-0.016022;53812
614;-0.019836;53813
615;-0.031281;53814
616;-0.007629;53815
617;-0.004578;53816
618;0.006104;53817
619;0.003815;53818
620;-0.006866;53819
621;0.005341;53820
622;-0.004578;53821
623;-0.013733;53822
624;-0.010681;53823
625;-0.023651;53824
626;-0.016022;53825
627;-0.005341;53826
628;-0.000763;53827
629;-0.006104;53828
630;0.000000;53829
631;0.003052;53830
632;0.003815;53831
633;0.001526;53832
634;-0.006866;53833
635;-0.009155;53834
636;-0.018311;53835
637;-0.019836;53836
638;-0.031281;53837
639;-0.018311;53838
640;-0.017548;53839
641;-0.004578;53840
642;0.003815;53841
643;0.000763;53842
644;-0.006104;53843
645;-0.006866;53844
646;-0.002289;53845
647;-0.003815;53846
648;-0.019073;53847
649;-0.016785;53848
650;-0.019836;53849
651;-0.019073;53850
652;-0.006866;53851
653;-0.004578;53852
654;0.009918;53853
655;0.003815;53854
656;0.003815;53855
657;0.002289;53856
658;-0.003815;53857
659;-0.004578;53858
660;-0.011444;53859
661;-0.025940;53860
662;-0.025940;53861
663;-0.013733;53862
664;0.002289;53863
665;-0.002289;53864
666;0.003815;53865
667;-0.007629;53866
668;-0.006104;53867
669;0.000000;53868
670;-0.005341;53869
671;-0.006866;53870
672;-0.020599;53871
673;-0.025177;53872
674;-0.011444;53873
675;-0.005341;53874
676;0.001526;53875
677;-0.000763;53876
678;0.000000;53877
679;-0.002289;53878
680;0.003052;53879
681;-0.006104;53880
682;-0.011444;53881
683;-0.019073;53882
684;-0.019073;53883
685;-0.017548;53884
686;-0.011444;53885
687;-0.007629;53886
688;0.006866;53887
689;0.002289;53888
690;-0.000763;53889
691;0.003815;53890
692;-0.007629;53891
693;-0.022888;53892
694;-0.026703;53893
695;-0.029755;53894
696;-0.016022;53895
697;-0.006866;53896
698;0.007629;53897
699;0.003815;53898
700;-0.007629;53899
701;0.000000;53900
702;-0.005341;53901
703;-0.016785;53902
704;-0.026703;53903
705;-0.017548;53904
706;-0.025177;53905
707;-0.012970;53906
708;0.003052;53907
709;-0.002289;53908
710;0.001526;53909
711;0.000000;53910
712;-0.007629;53911
713;-0.013733;53912
714;-0.016785;53913
715;-0.017548;53914
716;-0.022888;53915
717;-0.019836;53916
718;-0.006866;53917
719;0.006104;53918
720;0.000763;53919
721;0.001526;53920
722;0.003052;53921
723;0.002289;53922
724;-0.005341;53923
725;-0.007629;53924
726;-0.027466;53925
727;-0.023651;53926
728;-0.010681;53927
729;0.001526;53928
730;0.001526;53929
731;0.002289;53930
732;0.003815;53931
733;0.000763;53932
734;-0.006104;53933
735;-0.012970;53934
736;-0.009155;53935
737;-0.014496;53936
738;-0.022888;53937
739;-0.021362;53938
740;-0.017548;53939
741;-0.009918;53940
742;0.000763;53941
743;0.008392;53942
744;0.006866;53943
745;0.006866;53944
746;0.000000;53945
747;-0.009918;53946
748;-0.003815;53947
749;-0.012207;53948
750;-0.022888;53949
751;-0.017548;53950
752;-0.025177;53951
753;-0.019073;53952
754;0.001526;53953
755;0.008392;53954
756;0.000763;53955
757;0.001526;53956
758;-0.006104;53957
759;-0.016785;53958
760;-0.021362;53959
761;-0.028229;53960
762;-0.018311;53961
763;-0.016785;53962
764;-0.004578;53963
765;-0.000763;53964
766;-0.005341;53965
767;-0.002289;53966
768;-0.003052;53967
769;-0.005341;53968
770;-0.012207;53969
771;-0.026703;53970
772;-0.019073;53971
773;0.003815;53972
774;0.003052;53973
775;0.000000;53974
776;0.002289;53975
777;-0.003052;53976
778;-0.009918;53977
779;-0.010681;53978
780;-0.016785;53979
781;-0.013733;53980
782;-0.016022;53981
783;0.002289;53982
784;0.007629;53983
785;0.000000;53984
786;0.003815;53985
787;0.003815;53986
788;-0.014496;53987
789;-0.021362;53988
790;-0.016022;53989
791;-0.025940;53990
792;-0.012970;53991
793;0.010681;53992
794;-0.003052;53993
795;0.006104;53994
796;0.000000;53995
797;-0.006104;53996
798;-0.017548;53997
799;-0.025177;53998
800;-0.004578;53999
801;-0.004578;54000
802;0.002289;54001
803;0.002289;54002
804;0.000763;54003
805;0.000763;54004
806;-0.010681;54005
807;-0.018311;54006
808;-0.016022;54007
809;-0.011444;54008
810;-0.012207;54009
811;0.003815;54010
812;0.006104;54011
813;0.000000;54012
814;-0.004578;54013
815;0.003815;54014
816;-0.018311;54015
817;-0.019073;54016
818;-0.019836;54017
819;-0.013733;54018
820;-0.006104;54019
821;0.002289;54020
822;0.003815;54021
823;0.002289;54022
824;-0.011444;54023
825;-0.003815;54024
826;-0.007629;54025
827;-0.019836;54026
828;-0.016785;54027
829;-0.014496;54028
830;-0.002289;54029
831;0.003052;54030
832;-0.002289;54031
833;0.000000;54032
834;-0.007629;54033
835;-0.022888;54034
836;-0.024414;54035
837;-0.016022;54036
838;-0.003815;54037
839;0.005341;54038
840;0.003815;54039
841;0.000763;54040
842;-0.012207;54041
843;-0.022888;54042
844;-0.014496;54043
845;-0.025940;54044
846;-0.020599;54045
847;-0.003052;54046
848;0.003815;54047
849;-0.003815;54048
850;-0.007629;54049
851;0.002289;54050
852;-0.006104;54051
853;-0.018311;54052
854;-0.020599;54053
855;-0.012970;54054
856;0.002289;54055
857;-0.004578;54056
858;0.005341;54057
859;0.000763;54058
860;-0.003052;54059
861;-0.013733;54060
862;-0.019073;54061
863;-0.020599;54062
864;-0.011444;54063
865;0.001526;54064
866;0.009918;54065
867;0.003052;54066
868;-0.005341;54067
869;-0.006104;54068
870;-0.018311;54069
871;-0.024414;54070
872;-0.025177;54071
873;-0.003052;54072
874;-0.006104;54073
875;-0.005341;54074
876;0.003052;54075
877;-0.006866;54076
878;-0.012207;54077
879;-0.009918;54078
880;-0.014496;54079
881;-0.020599;54080
882;-0.009918;54081
883;0.006866;54082
884;0.006866;54083
885;0.000000;54084
886;0.002289;54085
887;-0.006104;54086
888;-0.016785;54087
889;-0.028229;54088
890;-0.012970;54089
891;0.003815;54090
892;0.007629;54091
893;0.002289;54092
894;-0.009155;54093
895;0.003052;54094
896;-0.021362;54095
897;-0.017548;54096
898;-0.009918;54097
899;-0.005341;54098
900;-0.002289;54099
901;0.001526;54100
902;0.006104;54101
903;-0.000763;54102
904;-0.006104;54103
905;-0.003815;54104
906;-0.003815;54105
907;-0.025177;54106
908;-0.021362;54107
909;-0.019836;54108
910;-0.009155;54109
911;-0.005341;54110
912;0.009918;54111
913;0.000000;54112
914;-0.000763;54113
915;-0.003052;54114
916;-0.007629;54115
917;-0.026703;54116
918;-0.006866;54117
919;-0.004578;54118
920;0.007629;54119
921;0.005341;54120
922;0.003052;54121
923;-0.003052;54122
924;0.003815;54123
925;-0.019073;54124
926;-0.021362;54125
927;-0.028229;54126
928;-0.005341;54127
929;0.007629;54128
930;0.003815;54129
931;0.007629;54130
932;-0.002289;54131
933;-0.013733;54132
934;-0.010681;54133
935;-0.016022;54134
936;-0.026703;54135
937;-0.019836;54136
938;-0.009918;54137
939;-0.003052;54138
940;0.007629;54139
941;-0.006866;54140
942;-0.006866;54141
943;0.000000;54142
944;0.000763;54143
945;-0.020599;54144
946;-0.024414;54145
947;-0.013733;54146
948;-0.004578;54147
949;0.008392;54148
950;0.009155;54149
951;0.003815;54150
952;-0.003815;54151
953;-0.004578;54152
954;-0.006104;54153
955;-0.020599;54154
956;-0.013733;54155
957;-0.016022;54156
958;-0.002289;54157
959;0.001526;54158
960;0.001526;54159
961;0.000763;54160
962;0.006104;54161
963;-0.009918;54162
964;-0.012970;54163
965;-0.026703;54164
966;-0.021362;54165
967;-0.017548;54166
968;-0.002289;54167
969;0.001526;54168
970;0.006104;54169
971;0.000763;54170
972;0.003815;54171
973;-0.003815;54172
974;-0.004578;54173
975;-0.012970;54174
976;-0.013733;54175
977;-0.020599;54176
978;-0.009155;54177
979;-0.003052;54178
980;0.003815;54179
981;0.005341;54180
982;-0.000763;54181
983;0.003815;54182
984;0.006104;54183
985;0.000000;54184
986;-0.019836;54185
987;-0.016785;54186
988;-0.019073;54187
989;-0.024414;54188
990;-0.000763;54189
991;0.002289;54190
992;0.005341;54191
993;0.003052;54192
994;-0.006104;54193
995;-0.007629;54194
996;-0.012970;54195
997;-0.025177;54196
998;-0.032806;54197
999;-0.022888;54198
1000;-0.004578;54199
1001;0.006104;54200
1002;0.003815;54201
1003;0.001526;54202
1004;-0.010681;54203
1005;-0.014496;54204
1006;-0.016785;54205
1007;-0.013733;54206
1008;0.003815;54207
1009;0.005341;54208
1010;-0.000763;54209
1011;-0.012970;54210
1012;-0.017548;54211
1013;-0.023651;54212
1014;-0.007629;54213
1015;0.005341;54214
1016;0.007629;54215
1017;0.005341;54216
1018;-0.010681;54217
1019;-0.016785;54218
1020;-0.021362;54219
1021;-0.017548;54220
1022;-0.005341;54221
1023;0.006104;54222
1024;0.003815;54223
1025;0.000000;54224
1026;-0.014496;54225
1027;-0.016022;54226
1028;-0.016022;54227
1029;-0.009918;54228
1030;-0.003052;54229
1031;0.000763;54230
1032;0.000763;54231
1033;0.001526;54232
1034;-0.016785;54233
1035;-0.018311;54234
1036;-0.017548;54235
1037;-0.005341;54236
1038;0.012207;54237
1039;0.006866;54238
1040;-0.004578;54239
1041;-0.009155;54240
1042;-0.018311;54241
1043;-0.018311;54242
1044;-0.016785;54243
1045;-0.006866;54244
1046;0.007629;54245
1047;0.012970;54246
1048;0.000000;54247
1049;0.003815;54248
1050;-0.014496;54249
1051;-0.011444;54250
1052;-0.023651;54251
1053;-0.013733;54252
1054;-0.013733;54253
1055;0.000763;54254
1056;0.006866;54255
1057;0.003815;54256
1058;0.000000;54257
1059;-0.002289;54258
1060;-0.000763;54259
1061;-0.010681;54260
1062;-0.012970;54261
1063;-0.027466;54262
1064;-0.025177;54263
1065;-0.004578;54264
1066;0.003815;54265
1067;0.003815;54266
1068;0.009918;54267
1069;-0.003052;54268
1070;0.001526;54269
1071;-0.006866;54270
1072;-0.012207;54271
1073;-0.016785;54272
1074;-0.017548;54273
1075;-0.009918;54274
1076;0.005341;54275
1077;0.005341;54276
1078;0.000000;54277
1079;-0.010681;54278
1080;0.000763;54279
1081;-0.020599;54280
1082;-0.024414;54281
1083;-0.020599;54282
1084;-0.006104;54283
1085;0.003815;54284
1086;0.000000;54285
1087;-0.003815;54286
1088;-0.006104;54287
1089;-0.026703;54288
1090;-0.021362;54289
1091;0.001526;54290
1092;0.006866;54291
1093;0.006866;54292
1094;-0.005341;54293
1095;-0.011444;54294
1096;-0.023651;54295
1097;-0.024414;54296
1098;-0.017548;54297
1099;0.002289;54298
1100;0.007629;54299
1101;-0.004578;54300
1102;-0.010681;54301
1103;-0.006104;54302
1104;-0.020599;54303
1105;-0.024414;54304
1106;-0.004578;54305
1107;0.001526;54306
1108;0.000000;54307
1109;0.000763;54308
1110;-0.007629;54309
1111;-0.022888;54310
1112;-0.014496;54311
1113;-0.016022;54312
1114;0.005341;54313
1115;0.002289;54314
1116;-0.002289;54315
1117;-0.006104;54316
1118;-0.009155;54317
1119;-0.018311;54318
1120;-0.022888;54319
1121;-0.013733;54320
1122;0.003815;54321
1123;0.003815;54322
1124;-0.003052;54323
1125;-0.003815;54324
1126;-0.002289;54325
1127;-0.034332;54326
1128;-0.026703;54327
1129;-0.012207;54328
1130;0.006866;54329
1131;0.007629;54330
1132;0.003815;54331
1133;-0.004578;54332
1134;-0.014496;54333
1135;-0.024414;54334
1136;-0.016785;54335
1137;0.006866;54336
1138;0.003815;54337
1139;0.002289;54338
1140;-0.011444;54339
1141;-0.007629;54340
1142;-0.025177;54341
1143;-0.025940;54342
1144;-0.003052;54343
1145;0.009918;54344
1146;0.003052;54345
1147;-0.006866;54346
1148;-0.003815;54347
1149;-0.010681;54348
1150;-0.019073;54349
1151;-0.007629;54350
1152;0.006866;54351
1153;0.003815;54352
1154;-0.003815;54353
1155;-0.003815;54354
1156;0.001526;54355
1157;-0.016022;54356
1158;-0.025940;54357
1159;-0.014496;54358
1164;-0.010681;54363
1171;-0.006866;54370
1178;0.001526;54377
1185;-0.002289;54384
1192;-0.023651;54391
1199;-0.012970;54398
1206;-0.013733;54405
1215;-0.007629;54414
1222;-0.013733;54421
1229;-0.026703;54428
1237;-0.013733;54436
1244;-0.012970;54443
1251;0.003815;54450
1258;-0.003815;54457
1265;0.002289;54464
1272;-0.013733;54471
1279;-0.022888;54478
1286;-0.009918;54485
1293;-0.006866;54492
1300;0.013733;54499
1307;-0.009155;54506
1314;-0.000763;54513
1321;-0.004578;54520
1328;-0.016785;54527
1335;-0.017548;54534
1342;-0.006104;54541
1349;-0.004578;54548
1357;-0.003052;54556
1364;0.003052;54563
1371;0.003052;54570
1378;0.001526;54577
1385;-0.003052;54584
1392;-0.006866;54591
1400;-0.014496;54599
1407;-0.007629;54606
1414;0.003815;54613
1422;0.002289;54621
1429;0.003815;54628
1436;-0.023651;54635
1443;-0.019073;54642
1450;-0.003815;54649
1457;-0.006866;54656
1464;-0.000763;54663
1471;0.003815;54670
1478;0.003052;54677
1485;-0.020599;54684
1492;-0.009155;54691
1499;0.003815;54698
1506;0.003815;54705
1514;-0.002289;54713
1521;-0.021362;54720
1528;-0.014496;54727
1535;0.003052;54734
1542;0.006866;54741
1549;-0.005341;54748
1556;-0.027466;54755
1563;-0.007629;54762
1570;0.002289;54769
1577;-0.000763;54776
1584;0.003815;54783
1591;-0.026703;54790
1598;-0.003815;54797
1605;-0.003815;54804
1612;-0.006104;54811
1619;1.786041;54818
1626;1.519775;54825
1633;1.276398;54832
1640;1.107025;54839
1647;0.950623;54846
1654;0.818634;54853
1661;0.677490;54860
1668;0.572968;54867
1675;0.518036;54874
1682;0.448608;54881
1690;0.381470;54889
1698;0.328064;54897
1705;0.271606;54904
1712;0.232697;54911
1722;0.196075;54921
1729;0.146484;54928
1736;0.125122;54935
1743;0.114441;54942
1750;0.110626;54949
1757;0.094604;54956
1764;0.083160;54963
1771;0.058746;54970
1779;0.044250;54978
1786;0.041962;54985
1794;0.030518;54993
1802;0.040436;55001
1810;0.034332;55009
1817;0.008392;55016
1824;0.006866;55023
1831;0.009918;55030
1838;0.013733;55037
1846;0.006866;55045
1854;-0.011444;55053
1861;-0.002289;55060
1868;0.003815;55067
1875;-0.000763;55074
1882;0.000763;55081
1889;0.007629;55088
1896;0.015259;55095
1903;0.012207;55102
1911;0.015259;55110
1918;0.005341;55117
1925;-0.004578;55124
1932;-0.003815;55131
1939;0.001526;55138
1946;-0.007629;55145
1953;0.000763;55152
1960;0.007629;55159
1967;0.006866;55166
1974;0.009155;55173
1982;-0.002289;55181
1989;0.000000;55188
1996;0.007629;55195
2004;0.006104;55203
2011;0.003815;55210
2019;-0.003052;55218
2026;-0.013733;55225
2033;-0.006866;55232
2040;0.000000;55239
2047;0.003815;55246
2055;0.009918;55254
2062;0.012970;55261
2069;0.012207;55268
2076;0.001526;55275
2083;0.010681;55282
2090;0.002289;55289
2097;-0.006866;55296
2104;-0.012970;55303
2111;-0.018311;55310
2118;-0.010681;55317
2125;-0.017548;55324
2132;-0.013733;55331
2139;-0.025177;55338
2146;-0.014496;55345
2153;0.000763;55352
2160;0.006866;55359
2167;-0.000763;55366
2174;0.003052;55373
2181;-0.016785;55380
2188;-0.014496;55387
2195;-0.012207;55394
2202;-0.002289;55401
2209;0.003815;55408
2216;-0.003052;55415
2223;0.006104;55422
2230;0.012207;55429
2237;0.003815;55436
2244;-0.002289;55443
2251;0.006866;55450
2258;0.001526;55457
2265;0.009155;55464
2272;0.006104;55471
2279;0.002289;55478
2286;-0.003052;55485
2294;0.003052;55493
2301;-0.003815;55500
2308;-0.003052;55507
2315;-0.010681;55514
2322;-0.009155;55521
2329;-0.014496;55528
2336;-0.004578;55535
2344;-0.016022;55543
2351;-0.009155;55550
2358;0.003815;55557
2365;0.010681;55564
2372;0.001526;55571
2379;0.003052;55578
2386;0.000000;55585
2393;0.003052;55592
2400;-0.004578;55599
2407;0.002289;55606
2414;0.000763;55613
2421;-0.016022;55620
2428;-0.006104;55627
2435;0.003052;55634
2442;0.003815;55641
2449;-0.011444;55648
2456;-0.018311;55655
2463;-0.024414;55662
2470;-0.020599;55669
2477;-0.021362;55676
2484;-0.024414;55683
2491;-0.000763;55690
2498;0.003815;55697
2505;0.003052;55704
2512;-0.005341;55711
2519;-0.019073;55718
2526;-0.009155;55725
2533;-0.003052;55732
2540;-0.002289;55739
2547;-0.020599;55746
2554;-0.020599;55753
2561;-0.012207;55760
2568;0.003052;55767
2575;0.000763;55774
2582;-0.023651;55781
2589;-0.012970;55788
2596;0.003815;55795
2603;0.003815;55802
2610;-0.017548;55809
2617;-0.014496;55816
2624;-0.003052;55823
2631;0.003052;55830
2638;-0.009155;55837
2645;-0.005341;55844
2652;0.001526;55851
2660;-0.003815;55859
2667;-0.012207;55866
2674;-0.013733;55873
2681;0.000000;55880
2689;0.000000;55888
2696;-0.003815;55895
2703;0.001526;55902
2710;-0.002289;55909
2717;0.003815;55916
2724;0.005341;55923
2731;0.005341;55930
2738;-0.002289;55937
2745;-0.002289;55944
2752;0.003815;55951
2759;0.003815;55958
2766;-0.000763;55965
2773;0.002289;55972
2780;0.006104;55979
2787;-0.019073;55986
2794;0.000000;55993
2802;0.000000;56001
2809;-0.000763;56008
2816;0.003052;56015
2823;-0.013733;56022
2830;-0.016785;56029
2837;0.005341;56036
2844;0.003052;56043
2851;0.006866;56050
2858;-0.005341;56057
2865;-0.017548;56064
2872;0.000000;56071
2879;0.003815;56078
2886;0.003815;56085
2893;0.003815;56092
2900;0.003052;56099
2907;0.000000;56106
2914;0.003052;56113
2921;-0.009918;56120
2928;-0.020599;56127
2935;-0.018311;56134
2942;-0.023651;56141
2949;-0.006866;56148
2956;0.000000;56155
2963;0.000763;56162
2970;-0.002289;56169
2977;0.006866;56176
2984;-0.025177;56183
2991;0.000763;56190
2998;0.003052;56197
3005;0.000763;56204
3012;0.003815;56211
3019;0.012970;56218
3026;-0.000763;56225
3033;0.007629;56232
3040;0.003815;56239
3047;-0.011444;56246
3054;-0.009918;56253
3061;-0.004578;56260
3068;0.002289;56267
3075;0.009918;56274
3082;0.003815;56281
3089;0.000763;56288
3096;0.009155;56295
3103;0.005341;56302
3110;0.003815;56309
3117;0.012207;56316
3124;0.003815;56323
3131;0.003815;56330
3138;-0.003052;56337
3145;-0.016785;56344
3152;-0.026703;56351
3159;-0.029755;56358
3166;-0.007629;56365
3173;-0.003052;56372
3180;-0.021362;56379
3187;-0.003052;56386
3194;0.006104;56393
3201;0.003815;56400
3209;0.003052;56408
3216;0.003815;56415
3223;0.007629;56422
3230;0.003815;56429
3237;-0.011444;56436
3244;-0.018311;56443
3251;-0.016022;56450
3258;0.000763;56457
3265;0.002289;56464
3272;-0.006866;56471
3279;-0.018311;56478
3286;-0.010681;56485
3294;0.007629;56493
3301;-0.016785;56500
3308;-0.009918;56507
3315;0.006104;56514
3322;0.026703;56521
3329;-0.017548;56528
3336;-0.017548;56535
3343;-0.006866;56542
3350;-0.002289;56549
3357;0.003815;56556
3364;-0.006104;56563
3371;-0.018311;56570
3378;-0.024414;56577
3385;-0.026703;56584
3392;-0.005341;56591
3399;-0.003052;56598
3406;0.006104;56605
3413;0.006104;56612
3420;-0.005341;56619
3427;-0.020599;56626
3434;-0.026703;56633
3441;-0.009155;56640
3448;-0.003052;56647
3455;0.000763;56654
3462;0.003052;56661
3469;-0.003052;56668
3476;-0.019073;56675
3483;-0.025940;56682
3490;-0.022888;56689
3497;-0.003815;56696
3504;-0.003052;56703
3511;0.002289;56710
3518;-0.003815;56717
3525;-0.009155;56724
3532;-0.017548;56731
3539;-0.017548;56738
3546;-0.009155;56745
3553;-0.017548;56752
3560;-0.003815;56759
3567;-0.003052;56766
3574;0.000000;56773
3581;-0.016022;56780
3588;-0.028229;56787
3595;-0.019073;56794
3602;0.000000;56801
3609;-0.003052;56808
3616;0.003815;56815
3623;-0.012207;56822
3630;-0.023651;56829
3637;-0.016785;56836
3644;-0.006866;56843
3651;-0.003052;56850
3658;0.000000;56857
3665;-0.005341;56864
3672;-0.006866;56871
3679;-0.009155;56878
3686;-0.011444;56885
3693;-0.019073;56892
3700;-0.025177;56899
3707;-0.004578;56906
3714;0.002289;56913
3721;0.003815;56920
3728;-0.003815;56927
3735;-0.025177;56934
3742;-0.030518;56941
3749;-0.019836;56948
3757;-0.000763;56956
3764;-0.013733;56963
3771;-0.019073;56970
3778;-0.003815;56977
3785;0.007629;56984
3793;0.002289;56992
3800;-0.003052;56999
3807;0.008392;57006
3814;0.006866;57013
3821;0.003815;57020
3828;0.003052;57027
3835;-0.003052;57034
3842;0.002289;57041
3849;-0.018311;57048
3856;-0.019836;57055
3863;-0.026703;57062
3870;-0.012970;57069
3877;0.003815;57076
3884;-0.003815;57083
3891;0.000000;57090
3898;0.000000;57097
3905;0.007629;57104
3912;0.000000;57111
3919;0.000000;57118
3926;0.003815;57125
3933;0.002289;57132
3940;-0.010681;57139
3947;-0.014496;57146
3954;-0.019073;57153
3961;-0.012970;57160
3968;-0.000763;57167
3975;-0.003815;57174
3982;0.003815;57181
3989;-0.013733;57188
3996;-0.019073;57195
4003;-0.014496;57202
4010;-0.002289;57209
4017;0.003815;57216
4024;-0.002289;57223
4031;-0.006104;57230
4038;-0.010681;57237
4045;-0.023651;57244
4052;-0.020599;57251
4059;-0.031281;57258
4066;-0.022888;57265
4073;-0.012207;57272
4080;-0.004578;57279
4087;0.000000;57286
4094;0.000000;57293
4101;0.001526;57300
4108;-0.004578;57307
4115;-0.020599;57314
4122;-0.022888;57321
4129;-0.010681;57328
4136;-0.011444;57335
4143;-0.019836;57342
4150;-0.022888;57349
4157;-0.020599;57356
4164;-0.004578;57363
4171;-0.006866;57370
4178;0.003052;57377
4185;0.000763;57384
4192;-0.019073;57391
4199;-0.023651;57398
4206;-0.020599;57405
4213;-0.000763;57412
4220;0.003815;57419
4227;0.006866;57426
4234;0.002289;57433
4241;-0.017548;57440
4248;-0.019836;57447
4255;-0.016785;57454
4262;-0.003815;57461
4269;-0.006866;57468
4276;0.003815;57475
4283;-0.003052;57482
4291;0.002289;57490
4298;-0.016022;57497
4305;-0.030518;57504
4312;-0.002289;57511
4319;0.000000;57518
4326;-0.020599;57525
4333;-0.017548;57532
4340;-0.009155;57539
4347;-0.000763;57546
4354;0.003052;57553
4361;0.006866;57560
4368;-0.014496;57567
4375;-0.003052;57574
4382;-0.026703;57581
4389;-0.027466;57588
4396;-0.004578;57595
4403;0.000763;57602
4410;-0.013733;57609
4417;-0.000763;57616
4424;-0.025177;57623
4431;-0.003052;57630
4438;-0.002289;57637
4445;-0.012970;57644
4452;-0.006866;57651
4459;0.002289;57658
4466;-0.014496;57665
4473;-0.017548;57672
4480;-0.006866;57679
4487;0.001526;57686
4494;-0.029755;57693
4501;-0.018311;57700
4508;-0.024414;57707
4515;-0.006866;57714
4522;-0.002289;57721
4529;-0.000763;57728
4536;-0.002289;57735
4543;-0.004578;57742
4550;0.000000;57749
4557;-0.017548;57756
4564;-0.018311;57763
4571;-0.010681;57770
4578;-0.009918;57777
4585;-0.023651;57784
4592;-0.018311;57791
4599;-0.023651;57798
4606;-0.031281;57805
4613;-0.013733;57812
4620;-0.006104;57819
4627;-0.003052;57826
4634;-0.003815;57833
4641;-0.013733;57840
4648;0.001526;57847
4655;-0.029755;57854
4662;-0.000763;57861
4669;0.002289;57868
4676;-0.025177;57875
4683;0.001526;57882
4690;0.012207;57889
4697;0.008392;57896
4704;-0.009155;57903
4711;-0.012970;57910
4718;0.003815;57917
4725;-0.022888;57924
4732;-0.003052;57931
4739;0.003052;57938
4746;-0.019073;57945
4753;-0.007629;57952
4760;0.003815;57959
4767;-0.010681;57966
4774;-0.017548;57973
4781;0.000000;57980
4788;-0.003815;57987
4795;-0.012207;57994
4802;0.003815;58001
4809;0.010681;58008
4816;-0.018311;58015
4824;-0.023651;58023
4831;-0.004578;58030
4838;0.007629;58037
4845;0.003815;58044
4852;-0.006104;58051
4859;-0.012970;58058
4866;0.003815;58065
4873;0.009155;58072
4880;-0.016022;58079
4887;-0.022888;58086
4894;0.001526;58093
4901;0.010681;58100
4908;-0.009918;58107
4915;0.003815;58114
4922;0.000000;58121
4929;-0.021362;58128
4936;-0.003815;58135
4943;0.003815;58142
4950;-0.020599;58149
4957;-0.030518;58156
4964;-0.016785;58163
4971;0.012207;58170
4978;-0.022888;58177
4985;0.001526;58184
4992;-0.027466;58191
4999;0.003815;58198
5006;-0.022888;58205
5013;0.001526;58212
5020;0.000000;58219
5027;-0.006866;58226
5034;0.006866;58233
5041;0.000763;58240
5048;-0.009155;58247
5055;-0.006866;58254
5062;0.010681;58261
5106;-0.006866;58305
5113;0.000000;58312
5120;0.000763;58319
5127;-0.019073;58326
5137;0.006104;58336
5144;-0.012207;58343
5151;-0.016785;58350
5158;0.003815;58357
5165;0.007629;58364
5172;0.003815;58371
5179;-0.018311;58378
5186;-0.019836;58385
5193;-0.003052;58392
5200;-0.004578;58399
5207;-0.003815;58406
5214;0.000000;58413
5221;0.002289;58420
5228;-0.002289;58427
5235;-0.011444;58434
5242;0.002289;58441
5249;-0.010681;58448
5256;0.008392;58455
5263;-0.010681;58462
5270;-0.018311;58469
5277;-0.011444;58476
5284;0.003815;58483
5291;-0.019836;58490
5298;-0.012207;58497
5310;0.003815;58509
5317;-0.020599;58516
5325;-0.019073;58524
5332;-0.025177;58531
5339;-0.012970;58538
5346;-0.006104;58545
5353;-0.004578;58552
5360;-0.028229;58559
5367;-0.003815;58566
5374;0.003815;58573
5381;-0.010681;58580
5388;-0.024414;58587
5395;-0.010681;58594
5402;0.003815;58601
5409;-0.009155;58608
5416;-0.017548;58615
5423;-0.011444;58622
5430;-0.009918;58629
5437;0.000763;58636
5444;0.003815;58643
5451;0.003815;58650
5458;0.009155;58657
5465;0.007629;58664
5472;-0.003815;58671
5479;-0.014496;58678
5486;-0.021362;58685
5493;-0.021362;58692
5500;-0.010681;58699
5507;-0.009155;58706
5514;0.012207;58713
5521;0.007629;58720
5528;-0.016785;58727
5535;-0.009155;58734
5542;-0.003052;58741
5549;0.003815;58748
5556;-0.003815;58755
5563;-0.006866;58762
5570;-0.024414;58769
5577;-0.004578;58776
5584;0.000000;58783
5591;0.003815;58790
5598;-0.027466;58797
5605;-0.011444;58804
5612;0.012970;58811
5619;-0.019836;58818
5626;-0.005341;58825
5633;0.003815;58832
5640;-0.010681;58839
5647;-0.020599;58846
5654;0.003815;58853
5661;0.003815;58860
5668;0.000763;58867
5675;-0.013733;58874
5682;-0.002289;58881
5689;0.009918;58888
5696;0.000000;58895
5703;-0.017548;58902
5710;-0.013733;58909
5717;0.003815;58916
5724;-0.009918;58923
5731;-0.006866;58930
5738;0.003052;58937
5745;-0.025177;58944
5752;-0.003052;58951
5759;0.010681;58958
5766;-0.007629;58965
5773;-0.017548;58972
5780;0.003052;58979
5788;0.003052;58987
5795;0.001526;58994
5802;0.003815;59001
5809;0.003052;59008
5816;-0.023651;59015
5823;-0.024414;59022
5830;-0.019836;59029
5837;-0.018311;59036
5844;0.003815;59043
5851;0.006866;59050
5858;0.002289;59057
5865;-0.024414;59064
5872;-0.003815;59071
5879;-0.003815;59078
5886;-0.006866;59085
5893;-0.007629;59092
5900;0.009155;59099
5907;0.006866;59106
5914;0.003815;59113
5921;-0.007629;59120
5928;-0.018311;59127
5935;-0.014496;59134
5942;0.000000;59141
5949;0.008392;59148
5956;-0.016785;59155
5963;-0.003815;59162
5970;0.001526;59169
5977;-0.023651;59176
5984;-0.004578;59183
5991;0.006104;59190
5998;0.003815;59197
6005;-0.014496;59204
6012;0.000000;59211
6019;-0.010681;59218
6026;0.001526;59225
6033;-0.018311;59232
6040;-0.004578;59239
6047;0.002289;59246
6054;-0.010681;59253
6061;-0.014496;59260
6068;0.002289;59267
6075;-0.023651;59274
6082;0.000000;59281
6089;0.000763;59288
6096;-0.012207;59295
6103;0.003815;59302
6110;-0.020599;59309
6117;0.000763;59316
6124;-0.004578;59323
6131;-0.016785;59330
6138;0.005341;59337
6145;-0.005341;59344
6152;-0.006104;59351
6159;0.003815;59358
6166;-0.016022;59365
6173;0.003815;59372
6180;-0.016785;59379
6187;0.003815;59386
6194;-0.027466;59393
6201;0.003052;59400
6208;-0.002289;59407
6215;-0.007629;59414
6222;0.001526;59421
6229;-0.005341;59428
6236;-0.016022;59435
6243;-0.024414;59442
6250;-0.007629;59449
6257;0.006866;59456
6264;-0.019836;59463
6271;-0.006104;59470
6278;-0.007629;59477
6285;-0.006104;59484
6292;-0.009155;59491
6299;-0.020599;59498
6306;0.001526;59505
6313;-0.018311;59512
6320;0.005341;59519
6328;-0.019836;59527
6335;0.000763;59534
6342;0.003815;59541
6349;-0.025940;59548
6356;0.002289;59555
6363;-0.029755;59562
6370;0.000000;59569
6377;0.002289;59576
6384;-0.009918;59583
6391;0.003815;59590
6398;-0.017548;59597
6405;0.000000;59604
6412;0.003815;59611
6419;-0.022888;59618
6426;0.001526;59625
6433;0.003815;59632
6440;-0.023651;59639
6447;0.000000;59646
6454;-0.023651;59653
6461;-0.010681;59660
6468;0.000763;59667
6475;-0.006866;59674
6482;-0.019836;59681
6489;0.003815;59688
6496;0.008392;59695
6503;-0.012970;59702
6510;-0.018311;59709
6517;0.003052;59716
6524;0.005341;59723
6531;0.003052;59730
6538;-0.021362;59737
6545;-0.009918;59744
6552;0.000763;59751
6559;-0.003815;59758
6566;-0.020599;59765
6573;0.000000;59772
6580;0.013733;59779
6587;-0.016785;59786
6594;-0.000763;59793
6601;0.014496;59800
6608;-0.017548;59807
6615;-0.003052;59814
6622;0.006866;59821
6629;-0.019836;59828
6636;-0.009918;59835
6643;0.000000;59842
6650;0.003815;59849
6657;-0.000763;59856
6664;-0.019836;59863
6671;-0.005341;59870
6678;0.008392;59877
6685;-0.006104;59884
6692;-0.022888;59891
6699;-0.006104;59898
6706;0.005341;59905
6713;-0.012970;59912
6720;-0.009155;59919
6727;-0.003052;59926
6734;0.001526;59933
6741;0.000000;59940
6748;0.000000;59947
6755;-0.016785;59954
6762;-0.004578;59961
6769;0.002289;59968
6776;0.000763;59975
6783;-0.027466;59982
6790;-0.009918;59989
6797;0.006866;59996
6804;-0.011444;60003
6811;-0.023651;60010
6818;-0.003815;60017
6825;0.007629;60024
6832;0.003815;60031
6839;-0.016022;60038
6846;-0.013733;60045
6853;0.002289;60052
6860;0.003815;60059
6867;-0.005341;60066
6874;-0.016022;60073
6881;-0.018311;60080
6888;-0.007629;60087
6895;-0.002289;60094
6902;0.003815;60101
6909;-0.006866;60108
6916;-0.013733;60115
6923;0.000000;60122
6930;0.000763;60129
6937;-0.027466;60136
6944;-0.013733;60143
6951;0.008392;60150
6958;0.007629;60157
6965;-0.025940;60164
6972;-0.006866;60171
6979;0.002289;60178
7001;-0.009155;60200
7008;-0.017548;60207
7015;-0.002289;60214
7022;0.003815;60221
7029;0.005341;60228
7036;-0.003052;60235
7043;-0.009155;60242
7050;-0.019073;60249
7057;0.003815;60256
7064;-0.002289;60263
7071;-0.023651;60270
7078;-0.012970;60277
7085;-0.005341;60284
7092;-0.017548;60291
7099;-0.019073;60298
7106;0.003052;60305
7113;0.009918;60312
7120;-0.024414;60319
7127;-0.005341;60326
7134;-0.012207;60333
7141;0.003815;60340
7148;-0.011444;60347
7155;-0.016022;60354
7162;0.009155;60361
7169;-0.007629;60368
7176;-0.010681;60375
7183;0.001526;60382
7190;0.002289;60389
7197;0.003815;60396
7204;0.000763;60403
7211;-0.003815;60410
7218;-0.018311;60417
7225;-0.000763;60424
7232;-0.003052;60431
7239;0.003815;60438
7246;-0.009918;60445
7253;-0.022888;60452
7260;0.001526;60459
7269;-0.020599;60468
7276;-0.003815;60475
7283;-0.000763;60482
7291;-0.003052;60490
7298;0.000000;60497
7305;0.013733;60504
7312;-0.027466;60511
7319;-0.003815;60518
7326;-0.011444;60525
7333;0.007629;60532
7340;0.005341;60539
7347;0.003815;60546
7354;-0.009918;60553
7361;0.003815;60560
7368;-0.009918;60567
7375;-0.006866;60574
7382;0.003815;60581
7389;-0.016785;60588
