ID;VALUE;TIMESTAMP
0;0.000000;53199
1;0.030518;53200
2;0.030518;53201
3;0.030518;53202
4;-0.061035;53203
5;-0.030518;53204
6;-0.091553;53205
7;0.030518;53206
8;0.030518;53207
9;0.030518;53208
10;-0.061035;53209
11;0.000000;53210
12;-0.030518;53211
13;0.030518;53212
14;-0.030518;53213
15;-0.061035;53214
16;0.000000;53215
17;-0.122070;53216
18;0.030518;53217
19;0.030518;53218
20;0.030518;53219
21;-0.152588;53220
22;-0.213623;53221
23;0.000000;53222
24;0.091553;53223
25;0.030518;53224
26;0.091553;53225
27;-0.061035;53226
28;-0.244141;53227
29;0.030518;53228
30;-0.122070;53229
31;0.000000;53230
32;-0.030518;53231
33;-0.091553;53232
34;0.030518;53233
35;0.030518;53234
36;-0.030518;53235
37;-0.152588;53236
38;0.000000;53237
39;0.030518;53238
40;0.030518;53239
41;0.030518;53240
42;-0.030518;53241
43;-0.122070;53242
44;0.030518;53243
45;0.030518;53244
46;-0.091553;53245
47;-0.030518;53246
48;-0.091553;53247
49;0.000000;53248
50;-0.091553;53249
51;-0.122070;53250
52;0.030518;53251
53;0.030518;53252
54;0.030518;53253
55;0.030518;53254
56;-0.061035;53255
57;0.030518;53256
58;-0.122070;53257
59;-0.030518;53258
60;-0.061035;53259
61;0.000000;53260
62;0.030518;53261
63;-0.030518;53262
64;-0.061035;53263
65;0.122070;53264
66;0.000000;53265
67;0.152588;53266
68;0.152588;53267
69;0.122070;53268
70;0.030518;53269
71;0.030518;53270
72;0.000000;53271
73;0.152588;53272
74;0.183105;53273
75;-0.061035;53274
76;0.152588;53275
77;0.152588;53276
78;0.091553;53277
79;0.030518;53278
80;0.152588;53279
81;0.152588;53280
82;0.122070;53281
83;-0.061035;53282
84;0.183105;53283
85;0.030518;53284
86;0.152588;53285
87;0.030518;53286
88;0.122070;53287
89;0.244141;53288
90;0.122070;53289
91;0.122070;53290
92;0.030518;53291
93;0.030518;53292
94;0.122070;53293
95;0.030518;53294
96;0.122070;53295
97;0.213623;53296
98;0.122070;53297
99;0.274658;53298
100;0.366211;53299
101;0.183105;53300
102;0.213623;53301
103;0.030518;53302
104;0.000000;53303
105;0.091553;53304
106;0.030518;53305
107;0.122070;53306
108;0.183105;53307
109;0.000000;53308
110;0.213623;53309
111;0.091553;53310
112;0.000000;53311
113;0.030518;53312
114;0.091553;53313
115;0.030518;53314
116;-0.061035;53315
117;-0.091553;53316
118;-0.091553;53317
119;0.030518;53318
120;0.030518;53319
121;0.030518;53320
122;-0.091553;53321
123;-0.030518;53322
124;-0.061035;53323
125;-0.091553;53324
126;-0.091553;53325
127;-0.061035;53326
128;0.091553;53327
129;0.091553;53328
130;0.030518;53329
131;0.122070;53330
132;0.000000;53331
133;0.030518;53332
134;0.030518;53333
135;0.030518;53334
136;0.244141;53335
137;0.122070;53336
138;0.000000;53337
139;0.183105;53338
140;0.030518;53339
141;0.030518;53340
142;0.213623;53341
143;0.122070;53342
144;0.091553;53343
145;0.091553;53344
146;0.030518;53345
147;-0.030518;53346
148;0.152588;53347
149;0.091553;53348
150;0.183105;53349
151;0.000000;53350
152;0.213623;53351
153;0.091553;53352
154;0.030518;53353
155;0.244141;53354
156;0.091553;53355
157;0.030518;53356
158;0.030518;53357
159;-0.030518;53358
160;0.152588;53359
161;0.030518;53360
162;0.000000;53361
163;0.152588;53362
164;0.030518;53363
165;0.030518;53364
166;-0.122070;53365
167;0.030518;53366
168;0.030518;53367
169;0.122070;53368
170;0.122070;53369
171;0.091553;53370
172;0.183105;53371
173;0.244141;53372
174;0.152588;53373
175;0.091553;53374
176;0.030518;53375
177;0.244141;53376
178;0.030518;53377
179;0.152588;53378
180;0.122070;53379
181;0.091553;53380
182;0.213623;53381
183;-0.030518;53382
184;0.091553;53383
185;0.183105;53384
186;0.122070;53385
187;0.030518;53386
188;0.030518;53387
189;0.030518;53388
190;0.030518;53389
191;0.030518;53390
192;0.030518;53391
193;0.152588;53392
194;0.030518;53393
195;0.000000;53394
196;0.030518;53395
197;0.183105;53396
198;0.244141;53397
199;0.091553;53398
200;0.030518;53399
201;0.244141;53400
202;0.091553;53401
203;0.213623;53402
204;0.030518;53403
205;0.030518;53404
206;0.183105;53405
207;0.030518;53406
208;0.183105;53407
209;0.030518;53408
210;0.152588;53409
211;0.183105;53410
212;0.152588;53411
213;0.030518;53412
214;0.030518;53413
215;0.030518;53414
216;0.030518;53415
217;-0.030518;53416
218;-0.030518;53417
219;0.030518;53418
220;0.000000;53419
221;-0.030518;53420
222;-0.152588;53421
223;0.000000;53422
224;0.030518;53423
225;0.000000;53424
226;-0.244141;53425
227;-0.091553;53426
228;-0.061035;53427
229;-0.030518;53428
230;-0.122070;53429
231;0.030518;53430
232;-0.122070;53431
233;0.000000;53432
234;-0.152588;53433
235;0.030518;53434
236;0.000000;53435
237;0.030518;53436
238;0.091553;53437
239;0.000000;53438
240;0.000000;53439
241;0.030518;53440
242;-0.030518;53441
243;0.030518;53442
244;0.091553;53443
245;0.122070;53444
246;0.030518;53445
247;0.091553;53446
248;0.030518;53447
249;0.030518;53448
250;0.030518;53449
251;0.030518;53450
252;0.030518;53451
253;0.152588;53452
254;0.030518;53453
255;0.030518;53454
256;0.183105;53455
257;0.030518;53456
258;0.030518;53457
259;-0.061035;53458
260;0.213623;53459
261;0.122070;53460
262;0.091553;53461
263;0.183105;53462
264;0.091553;53463
265;0.091553;53464
266;0.091553;53465
267;0.091553;53466
268;0.091553;53467
269;0.030518;53468
270;0.030518;53469
271;0.030518;53470
272;0.030518;53471
273;0.030518;53472
274;0.030518;53473
275;0.183105;53474
276;0.122070;53475
277;0.030518;53476
278;0.030518;53477
279;0.030518;53478
280;0.030518;53479
281;0.030518;53480
282;0.213623;53481
283;0.091553;53482
284;0.091553;53483
285;0.030518;53484
286;0.152588;53485
287;0.183105;53486
288;0.122070;53487
289;0.183105;53488
290;0.030518;53489
291;0.091553;53490
292;0.030518;53491
293;0.152588;53492
294;-0.030518;53493
295;0.000000;53494
296;0.030518;53495
297;0.000000;53496
298;-0.061035;53497
299;-0.122070;53498
300;-0.061035;53499
301;0.000000;53500
302;0.091553;53501
303;-0.030518;53502
304;0.000000;53503
305;-0.091553;53504
306;-0.030518;53505
307;-0.061035;53506
308;0.030518;53507
309;0.000000;53508
310;-0.122070;53509
311;0.000000;53510
312;0.000000;53511
313;0.091553;53512
314;0.030518;53513
315;0.030518;53514
316;0.030518;53515
317;0.091553;53516
318;0.122070;53517
319;-0.030518;53518
320;0.030518;53519
321;-0.061035;53520
322;0.183105;53521
323;0.030518;53522
324;0.030518;53523
325;0.030518;53524
326;0.000000;53525
327;0.030518;53526
328;-0.030518;53527
329;-0.091553;53528
330;-0.152588;53529
331;-0.030518;53530
332;0.030518;53531
333;-0.030518;53532
334;0.030518;53533
335;0.000000;53534
336;-0.030518;53535
337;-0.061035;53536
338;0.030518;53537
339;-0.061035;53538
340;0.030518;53539
341;0.000000;53540
342;0.000000;53541
343;-0.061035;53542
344;0.030518;53543
345;-0.152588;53544
346;0.030518;53545
347;0.000000;53546
348;0.030518;53547
349;0.000000;53548
350;0.091553;53549
351;0.030518;53550
352;-0.213623;53551
353;-0.122070;53552
354;-0.030518;53553
355;0.091553;53554
356;0.000000;53555
357;0.000000;53556
358;-0.122070;53557
359;0.030518;53558
360;0.000000;53559
361;0.000000;53560
362;-0.122070;53561
363;0.030518;53562
364;-0.091553;53563
365;-0.030518;53564
366;0.000000;53565
367;0.152588;53566
368;0.030518;53567
369;0.030518;53568
370;0.213623;53569
371;0.030518;53570
372;0.244141;53571
373;0.030518;53572
374;0.152588;53573
375;0.030518;53574
376;0.030518;53575
377;0.091553;53576
378;0.091553;53577
379;0.122070;53578
380;0.183105;53579
381;0.183105;53580
382;0.244141;53581
383;0.305176;53582
384;0.122070;53583
385;0.091553;53584
386;0.030518;53585
387;0.030518;53586
388;-0.030518;53587
389;-0.122070;53588
390;0.030518;53589
391;-0.091553;53590
392;-0.152588;53591
393;-0.122070;53592
394;0.000000;53593
395;-0.030518;53594
396;0.030518;53595
397;0.000000;53596
398;0.000000;53597
399;0.000000;53598
400;0.030518;53599
401;0.030518;53600
402;0.030518;53601
403;0.183105;53602
404;0.213623;53603
405;0.152588;53604
406;0.274658;53605
407;0.122070;53606
408;0.030518;53607
409;0.030518;53608
410;0.152588;53609
411;0.030518;53610
412;0.030518;53611
413;-0.122070;53612
414;0.000000;53613
415;-0.244141;53614
416;0.030518;53615
417;0.091553;53616
418;0.122070;53617
419;0.030518;53618
420;0.030518;53619
421;-0.061035;53620
422;0.030518;53621
423;0.213623;53622
424;0.030518;53623
425;0.183105;53624
426;0.244141;53625
427;0.152588;53626
428;0.274658;53627
429;0.274658;53628
430;0.152588;53629
431;0.152588;53630
432;0.152588;53631
433;0.122070;53632
434;0.030518;53633
435;0.030518;53634
436;-0.061035;53635
437;0.030518;53636
438;-0.061035;53637
439;-0.061035;53638
440;-0.030518;53639
441;0.030518;53640
442;0.274658;53641
443;0.122070;53642
444;0.152588;53643
445;0.152588;53644
446;0.000000;53645
447;-0.030518;53646
448;-0.122070;53647
449;0.030518;53648
450;-0.030518;53649
451;0.030518;53650
452;-0.091553;53651
453;0.030518;53652
454;0.366211;53653
455;0.030518;53654
456;0.030518;53655
457;0.000000;53656
458;0.213623;53657
459;0.030518;53658
460;0.030518;53659
461;0.030518;53660
462;0.030518;53661
463;-0.122070;53662
464;-0.122070;53663
465;0.030518;53664
466;0.030518;53665
467;0.152588;53666
468;-0.030518;53667
469;0.152588;53668
470;0.122070;53669
471;0.183105;53670
472;0.213623;53671
473;0.244141;53672
474;0.030518;53673
475;0.030518;53674
476;0.030518;53675
477;-0.152588;53676
478;-0.122070;53677
479;0.000000;53678
480;0.000000;53679
481;0.152588;53680
482;0.152588;53681
483;0.183105;53682
484;0.030518;53683
485;0.122070;53684
486;0.030518;53685
487;-0.122070;53686
488;0.030518;53687
489;0.030518;53688
490;0.000000;53689
491;-0.030518;53690
492;-0.152588;53691
493;0.000000;53692
494;0.030518;53693
495;0.274658;53694
496;0.030518;53695
497;0.030518;53696
498;0.030518;53697
499;0.030518;53698
500;0.305176;53699
501;0.000000;53700
502;0.183105;53701
503;0.305176;53702
504;0.152588;53703
505;0.213623;53704
506;0.122070;53705
507;0.091553;53706
508;0.030518;53707
509;0.030518;53708
510;0.030518;53709
511;0.000000;53710
512;0.030518;53711
513;0.030518;53712
514;0.030518;53713
515;-0.091553;53714
516;-0.030518;53715
517;-0.122070;53716
518;-0.030518;53717
519;0.030518;53718
520;-0.061035;53719
521;0.030518;53720
522;-0.061035;53721
523;0.030518;53722
524;-0.030518;53723
525;0.030518;53724
526;-0.152588;53725
527;0.030518;53726
528;-0.152588;53727
529;-0.213623;53728
530;-0.244141;53729
531;0.030518;53730
532;0.030518;53731
533;-0.091553;53732
534;-0.091553;53733
535;-0.152588;53734
536;-0.061035;53735
537;0.030518;53736
538;0.030518;53737
539;0.030518;53738
540;-0.030518;53739
541;-0.122070;53740
542;-0.030518;53741
543;0.030518;53742
544;0.000000;53743
545;-0.030518;53744
546;-0.030518;53745
547;0.152588;53746
548;0.030518;53747
549;0.152588;53748
550;0.244141;53749
551;0.213623;53750
552;0.030518;53751
553;0.244141;53752
554;0.030518;53753
555;0.091553;53754
556;0.122070;53755
557;0.305176;53756
558;0.122070;53757
559;0.244141;53758
560;0.030518;53759
561;0.244141;53760
562;0.122070;53761
563;0.183105;53762
564;0.122070;53763
565;0.213623;53764
566;0.183105;53765
567;0.122070;53766
568;0.030518;53767
569;0.030518;53768
570;0.213623;53769
571;0.030518;53770
572;0.091553;53771
573;0.122070;53772
574;-0.091553;53773
575;0.091553;53774
576;0.122070;53775
577;0.030518;53776
578;-0.061035;53777
579;0.000000;53778
580;-0.030518;53779
581;0.030518;53780
582;0.000000;53781
583;0.030518;53782
584;0.030518;53783
585;-0.030518;53784
586;0.030518;53785
587;-0.061035;53786
588;0.000000;53787
589;0.030518;53788
590;-0.061035;53789
591;-0.091553;53790
592;-0.122070;53791
593;-0.030518;53792
594;0.030518;53793
595;0.000000;53794
596;0.030518;53795
597;-0.091553;53796
598;-0.030518;53797
599;0.000000;53798
600;0.030518;53799
601;-0.091553;53800
602;0.030518;53801
603;-0.030518;53802
604;-0.061035;53803
605;-0.122070;53804
606;0.030518;53805
607;0.030518;53806
608;-0.030518;53807
609;-0.335693;53808
610;-0.061035;53809
611;0.030518;53810
612;0.030518;53811
613;0.000000;53812
614;0.030518;53813
615;-0.091553;53814
616;-0.091553;53815
617;0.000000;53816
618;0.030518;53817
619;0.030518;53818
620;-0.122070;53819
621;0.213623;53820
622;0.091553;53821
623;0.091553;53822
624;0.183105;53823
625;0.122070;53824
626;0.030518;53825
627;0.091553;53826
628;0.244141;53827
629;0.152588;53828
630;0.427246;53829
631;0.305176;53830
632;0.030518;53831
633;0.244141;53832
634;0.091553;53833
635;0.122070;53834
636;0.122070;53835
637;0.213623;53836
638;0.183105;53837
639;0.030518;53838
640;0.030518;53839
641;0.244141;53840
642;0.030518;53841
643;0.213623;53842
644;0.213623;53843
645;0.213623;53844
646;0.030518;53845
647;0.122070;53846
648;0.122070;53847
649;0.152588;53848
650;0.122070;53849
651;0.152588;53850
652;0.030518;53851
653;0.030518;53852
654;0.000000;53853
655;0.030518;53854
656;0.030518;53855
657;0.030518;53856
658;0.091553;53857
659;0.122070;53858
660;0.030518;53859
661;0.274658;53860
662;0.122070;53861
663;0.183105;53862
664;0.030518;53863
665;0.030518;53864
666;0.030518;53865
667;0.091553;53866
668;0.213623;53867
669;0.152588;53868
670;0.183105;53869
671;0.030518;53870
672;-0.030518;53871
673;0.030518;53872
674;0.091553;53873
675;0.183105;53874
676;0.152588;53875
677;0.000000;53876
678;0.030518;53877
679;0.030518;53878
680;0.030518;53879
681;0.000000;53880
682;0.152588;53881
683;0.030518;53882
684;0.152588;53883
685;0.152588;53884
686;0.244141;53885
687;0.305176;53886
688;0.030518;53887
689;0.030518;53888
690;0.030518;53889
691;0.305176;53890
692;0.183105;53891
693;0.091553;53892
694;0.213623;53893
695;0.183105;53894
696;0.091553;53895
697;0.091553;53896
698;0.030518;53897
699;0.152588;53898
700;0.122070;53899
701;0.091553;53900
702;0.000000;53901
703;0.030518;53902
704;-0.091553;53903
705;0.030518;53904
706;-0.061035;53905
707;0.122070;53906
708;0.030518;53907
709;-0.030518;53908
710;-0.030518;53909
711;0.030518;53910
712;0.091553;53911
713;0.152588;53912
714;0.030518;53913
715;0.152588;53914
716;0.213623;53915
717;0.122070;53916
718;0.152588;53917
719;0.183105;53918
720;0.030518;53919
721;0.122070;53920
722;0.030518;53921
723;0.030518;53922
724;-0.030518;53923
725;0.091553;53924
726;-0.061035;53925
727;0.000000;53926
728;-0.030518;53927
729;0.030518;53928
730;0.030518;53929
731;0.091553;53930
732;0.030518;53931
733;0.030518;53932
734;0.030518;53933
735;0.030518;53934
736;0.030518;53935
737;0.000000;53936
738;-0.030518;53937
739;0.030518;53938
740;0.030518;53939
741;0.030518;53940
742;-0.091553;53941
743;0.030518;53942
744;-0.213623;53943
745;-0.030518;53944
746;0.000000;53945
747;0.030518;53946
748;-0.122070;53947
749;0.000000;53948
750;0.122070;53949
751;0.030518;53950
752;0.091553;53951
753;0.091553;53952
754;0.152588;53953
755;0.030518;53954
756;0.030518;53955
757;-0.030518;53956
758;0.030518;53957
759;0.030518;53958
760;0.030518;53959
761;0.030518;53960
762;0.000000;53961
763;-0.122070;53962
764;0.030518;53963
765;-0.122070;53964
766;-0.122070;53965
767;-0.061035;53966
768;-0.091553;53967
769;-0.030518;53968
770;0.000000;53969
771;-0.122070;53970
772;0.000000;53971
773;0.030518;53972
774;-0.122070;53973
775;0.000000;53974
776;0.030518;53975
777;0.122070;53976
778;-0.091553;53977
779;-0.091553;53978
780;0.030518;53979
781;-0.091553;53980
782;0.030518;53981
783;0.030518;53982
784;0.000000;53983
785;0.030518;53984
786;-0.030518;53985
787;-0.061035;53986
788;0.091553;53987
789;0.000000;53988
790;0.030518;53989
791;0.030518;53990
792;0.274658;53991
793;0.152588;53992
794;0.183105;53993
795;0.030518;53994
796;0.030518;53995
797;-0.061035;53996
798;0.152588;53997
799;0.122070;53998
800;0.030518;53999
801;0.244141;54000
802;0.091553;54001
803;0.030518;54002
804;0.122070;54003
805;0.030518;54004
806;0.122070;54005
807;0.030518;54006
808;-0.091553;54007
809;-0.061035;54008
810;0.030518;54009
811;0.030518;54010
812;-0.091553;54011
813;-0.061035;54012
814;-0.091553;54013
815;-0.030518;54014
816;0.030518;54015
817;-0.061035;54016
818;-0.244141;54017
819;0.030518;54018
820;-0.122070;54019
821;-0.030518;54020
822;0.030518;54021
823;-0.122070;54022
824;0.030518;54023
825;-0.091553;54024
826;-0.061035;54025
827;0.091553;54026
828;0.030518;54027
829;0.030518;54028
830;0.030518;54029
831;0.000000;54030
832;0.030518;54031
833;0.152588;54032
834;0.030518;54033
835;0.030518;54034
836;0.000000;54035
837;-0.122070;54036
838;0.030518;54037
839;0.030518;54038
840;-0.213623;54039
841;0.030518;54040
842;-0.030518;54041
843;-0.122070;54042
844;-0.122070;54043
845;-0.091553;54044
846;-0.030518;54045
847;0.030518;54046
848;0.152588;54047
849;-0.030518;54048
850;0.000000;54049
851;0.030518;54050
852;0.030518;54051
853;-0.091553;54052
854;-0.030518;54053
855;0.030518;54054
856;0.030518;54055
857;0.091553;54056
858;0.030518;54057
859;0.183105;54058
860;0.030518;54059
861;0.091553;54060
862;0.091553;54061
863;0.030518;54062
864;0.152588;54063
865;0.030518;54064
866;0.152588;54065
867;0.030518;54066
868;0.091553;54067
869;0.030518;54068
870;0.213623;54069
871;0.152588;54070
872;0.183105;54071
873;0.091553;54072
874;0.152588;54073
875;0.030518;54074
876;0.122070;54075
877;0.122070;54076
878;0.091553;54077
879;0.030518;54078
880;0.183105;54079
881;0.213623;54080
882;0.030518;54081
883;0.030518;54082
884;0.030518;54083
885;0.122070;54084
886;-0.061035;54085
887;0.030518;54086
888;-0.030518;54087
889;0.000000;54088
890;0.030518;54089
891;0.000000;54090
892;0.030518;54091
893;-0.122070;54092
894;0.030518;54093
895;0.030518;54094
896;-0.030518;54095
897;-0.061035;54096
898;0.030518;54097
899;0.213623;54098
900;0.183105;54099
901;0.030518;54100
902;0.030518;54101
903;0.152588;54102
904;0.030518;54103
905;0.030518;54104
906;0.274658;54105
907;0.305176;54106
908;0.244141;54107
909;0.122070;54108
910;0.152588;54109
911;0.183105;54110
912;0.244141;54111
913;0.030518;54112
914;0.091553;54113
915;0.030518;54114
916;0.244141;54115
917;0.183105;54116
918;0.030518;54117
919;0.030518;54118
920;0.274658;54119
921;0.000000;54120
922;0.213623;54121
923;0.030518;54122
924;0.030518;54123
925;0.152588;54124
926;0.122070;54125
927;0.091553;54126
928;0.030518;54127
929;0.183105;54128
930;0.030518;54129
931;0.091553;54130
932;0.152588;54131
933;0.122070;54132
934;0.030518;54133
935;0.030518;54134
936;0.152588;54135
937;0.030518;54136
938;0.030518;54137
939;-0.030518;54138
940;-0.030518;54139
941;-0.091553;54140
942;0.030518;54141
943;0.030518;54142
944;0.030518;54143
945;0.030518;54144
946;0.030518;54145
947;0.030518;54146
948;0.091553;54147
949;0.152588;54148
950;0.183105;54149
951;0.030518;54150
952;0.030518;54151
953;0.030518;54152
954;0.152588;54153
955;0.091553;54154
956;0.122070;54155
957;0.030518;54156
958;0.000000;54157
959;0.213623;54158
960;0.183105;54159
961;0.122070;54160
962;0.274658;54161
963;0.183105;54162
964;0.030518;54163
965;0.183105;54164
966;0.030518;54165
967;0.396729;54166
968;0.213623;54167
969;0.122070;54168
970;0.152588;54169
971;0.091553;54170
972;0.213623;54171
973;0.244141;54172
974;0.030518;54173
975;-0.091553;54174
976;0.091553;54175
977;0.030518;54176
978;0.030518;54177
979;0.122070;54178
980;0.030518;54179
981;0.091553;54180
982;0.030518;54181
983;0.030518;54182
984;0.030518;54183
985;0.030518;54184
986;0.030518;54185
987;0.152588;54186
988;0.152588;54187
989;0.030518;54188
990;0.030518;54189
991;0.091553;54190
992;0.122070;54191
993;0.183105;54192
994;0.030518;54193
995;0.152588;54194
996;0.030518;54195
997;0.030518;54196
998;0.030518;54197
999;0.030518;54198
1000;0.030518;54199
1001;-0.122070;54200
1002;0.000000;54201
1003;0.000000;54202
1004;0.152588;54203
1005;-0.061035;54204
1006;0.122070;54205
1007;0.030518;54206
1008;0.030518;54207
1009;0.152588;54208
1010;0.091553;54209
1011;0.030518;54210
1012;0.152588;54211
1013;0.091553;54212
1014;0.030518;54213
1015;0.030518;54214
1016;0.213623;54215
1017;0.030518;54216
1018;0.152588;54217
1019;0.091553;54218
1020;0.122070;54219
1021;0.091553;54220
1022;0.213623;54221
1023;0.030518;54222
1024;0.122070;54223
1025;0.183105;54224
1026;0.091553;54225
1027;0.213623;54226
1028;0.122070;54227
1029;0.152588;54228
1030;0.274658;54229
1031;0.213623;54230
1032;0.030518;54231
1033;0.213623;54232
1034;0.213623;54233
1035;0.183105;54234
1036;0.213623;54235
1037;0.183105;54236
1038;0.030518;54237
1039;0.183105;54238
1040;0.091553;54239
1041;0.000000;54240
1042;0.030518;54241
1043;0.122070;54242
1044;0.030518;54243
1045;0.030518;54244
1046;-0.061035;54245
1047;0.183105;54246
1048;0.030518;54247
1049;0.183105;54248
1050;0.183105;54249
1051;0.183105;54250
1052;0.122070;54251
1053;0.152588;54252
1054;0.091553;54253
1055;0.152588;54254
1056;0.152588;54255
1057;0.030518;54256
1058;0.030518;54257
1059;0.122070;54258
1060;-0.122070;54259
1061;0.030518;54260
1062;0.030518;54261
1063;0.030518;54262
1064;0.030518;54263
1065;0.030518;54264
1066;0.030518;54265
1067;0.152588;54266
1068;0.030518;54267
1069;0.122070;54268
1070;0.030518;54269
1071;0.122070;54270
1072;0.244141;54271
1073;0.122070;54272
1074;0.030518;54273
1075;0.183105;54274
1076;0.213623;54275
1077;0.305176;54276
1078;0.122070;54277
1079;0.122070;54278
1080;0.244141;54279
1081;0.183105;54280
1082;0.030518;54281
1083;0.091553;54282
1084;0.030518;54283
1085;0.152588;54284
1086;0.183105;54285
1087;0.030518;54286
1088;0.183105;54287
1089;0.183105;54288
1090;0.030518;54289
1091;0.244141;54290
1092;0.244141;54291
1093;0.091553;54292
1094;0.122070;54293
1095;0.030518;54294
1096;0.122070;54295
1097;0.030518;54296
1098;0.152588;54297
1099;0.305176;54298
1100;0.030518;54299
1101;0.030518;54300
1102;0.152588;54301
1103;0.091553;54302
1104;0.091553;54303
1105;0.030518;54304
1106;-0.122070;54305
1107;0.030518;54306
1108;0.030518;54307
1109;0.030518;54308
1110;0.030518;54309
1111;0.091553;54310
1112;0.030518;54311
1113;0.152588;54312
1114;0.030518;54313
1115;0.000000;54314
1116;0.091553;54315
1117;0.000000;54316
1118;0.030518;54317
1119;-0.091553;54318
1120;0.030518;54319
1121;0.000000;54320
1122;0.030518;54321
1123;-0.030518;54322
1124;0.030518;54323
1125;0.030518;54324
1126;0.030518;54325
1127;-0.030518;54326
1128;0.030518;54327
1129;-0.061035;54328
1130;0.030518;54329
1131;0.030518;54330
1132;-0.061035;54331
1133;0.030518;54332
1134;-0.030518;54333
1135;-0.244141;54334
1136;0.030518;54335
1137;0.030518;54336
1138;0.030518;54337
1139;0.000000;54338
1140;-0.061035;54339
1141;-0.091553;54340
1142;-0.091553;54341
1145;-0.061035;54344
1153;0.091553;54352
1163;0.030518;54362
1171;0.030518;54370
1179;0.030518;54378
1186;0.030518;54385
1195;-0.030518;54394
1203;0.183105;54402
1211;-0.122070;54410
1220;0.030518;54419
1227;0.213623;54426
1235;0.152588;54434
1243;0.000000;54442
1251;0.030518;54450
1260;-0.091553;54459
1270;0.030518;54469
1278;0.000000;54477
1287;0.152588;54486
1296;0.152588;54495
1303;0.152588;54502
1312;-0.030518;54511
1320;0.091553;54519
1329;0.152588;54528
1336;0.030518;54535
1343;0.030518;54542
1350;0.030518;54549
1358;0.030518;54557
1365;0.244141;54564
1372;0.183105;54571
1380;0.183105;54579
1388;0.213623;54587
1395;0.030518;54594
1403;0.030518;54602
1411;0.183105;54610
1419;0.152588;54618
1428;0.244141;54627
1436;0.183105;54635
1443;0.030518;54642
1452;-0.122070;54651
1460;0.030518;54659
1468;0.030518;54667
1475;0.030518;54674
1484;0.030518;54683
1492;0.000000;54691
1501;-0.244141;54700
1509;0.030518;54708
1518;0.091553;54717
1526;0.122070;54725
1533;0.091553;54732
1540;0.122070;54739
1548;0.091553;54747
1556;0.000000;54755
1565;-0.030518;54764
1574;-0.061035;54773
1581;0.030518;54780
1589;-0.030518;54788
1596;0.000000;54795
1603;0.122070;54802
1611;0.152588;54810
1618;48.217773;54817
1626;109.497070;54825
1634;159.912109;54833
1641;196.868896;54840
1649;232.086182;54848
1657;261.566162;54856
1666;288.787842;54865
1673;306.213379;54872
1680;321.166992;54879
1688;335.754395;54887
1696;347.717285;54895
1703;356.658936;54902
1710;364.349365;54909
1717;371.154785;54916
1725;377.471924;54924
1732;382.080078;54931
1740;386.749268;54939
1748;390.716553;54947
1757;394.226074;54956
1764;396.606445;54963
1772;398.956299;54971
1779;401.000977;54978
1787;402.648926;54986
1794;403.900146;54993
1802;405.090332;55001
1810;406.311035;55009
1818;407.012939;55017
1826;407.989502;55025
1834;408.691406;55033
1844;409.149170;55043
1852;409.912109;55051
1859;410.186768;55058
1867;410.827637;55066
1875;411.010742;55074
1883;411.193848;55082
1890;411.376953;55089
1897;411.834717;55096
1904;411.712646;55103
1911;411.956787;55110
1919;412.231445;55118
1928;412.200928;55127
1936;412.261963;55135
1944;412.353516;55143
1952;412.567139;55151
1959;412.628174;55158
1966;412.658691;55165
1973;412.414551;55172
1980;412.658691;55179
1987;412.963867;55186
1994;412.933350;55193
2003;412.750244;55202
2010;412.780762;55209
2017;413.116455;55216
2024;412.841797;55223
2032;412.963867;55231
2040;413.177490;55239
2048;413.024902;55247
2055;413.024902;55254
2063;412.963867;55262
2071;413.177490;55270
2078;413.238525;55277
2085;413.146973;55284
2092;413.177490;55291
2099;413.208008;55298
2107;413.360596;55306
2116;413.452148;55315
2124;413.238525;55323
2131;413.085937;55330
2138;413.177490;55337
2145;413.208008;55344
2152;413.360596;55351
2159;413.452148;55358
2167;413.513184;55366
2174;413.177490;55373
2181;413.452148;55380
2188;413.421631;55387
2195;413.208008;55394
2202;413.482666;55401
2210;413.574219;55409
2217;413.452148;55416
2224;413.574219;55423
2232;413.177490;55431
2239;413.452148;55438
2246;413.482666;55445
2253;413.391113;55452
2261;413.635254;55460
2268;413.574219;55467
2275;413.482666;55474
2282;413.421631;55481
2289;413.665771;55488
2297;413.604736;55496
2305;413.574219;55504
2312;413.482666;55511
2319;413.513184;55518
2326;413.452148;55525
2334;413.452148;55533
2342;413.452148;55541
2349;413.513184;55548
2356;413.513184;55555
2363;413.452148;55562
2370;413.513184;55569
2377;413.482666;55576
2384;413.635254;55583
2391;413.604736;55590
2398;413.665771;55597
2405;413.604736;55604
2412;413.604736;55611
2420;413.787842;55619
2427;413.452148;55626
2434;413.574219;55633
2441;413.177490;55640
2448;413.360596;55647
2455;413.604736;55654
2462;413.574219;55661
2470;413.604736;55669
2477;413.726807;55676
2484;413.665771;55683
2491;413.452148;55690
2498;413.482666;55697
2505;413.513184;55704
2512;413.665771;55711
2519;413.726807;55718
2526;413.726807;55725
2534;413.757324;55733
2541;413.604736;55740
2548;413.909912;55747
2555;413.787842;55754
2562;413.635254;55761
2569;413.574219;55768
2576;413.726807;55775
2583;413.482666;55782
2591;413.665771;55790
2598;413.574219;55797
2605;413.726807;55804
2612;413.696289;55811
2621;413.604736;55820
2628;413.635254;55827
2636;413.482666;55835
2643;413.513184;55842
2650;413.757324;55849
2657;413.757324;55856
2665;413.604736;55864
2672;413.696289;55871
2679;413.482666;55878
2686;413.665771;55885
2694;413.635254;55893
2701;413.452148;55900
2708;413.574219;55907
2715;413.665771;55914
2722;413.574219;55921
2729;413.452148;55928
2736;413.665771;55935
2743;413.787842;55942
2750;413.848877;55949
2757;413.909912;55956
2764;413.757324;55963
2771;413.604736;55970
2779;413.696289;55978
2786;413.482666;55985
2793;413.696289;55992
2800;413.848877;55999
2807;413.635254;56006
2815;413.787842;56014
2822;413.513184;56021
2829;413.726807;56028
2836;413.787842;56035
2843;413.665771;56042
2850;413.482666;56049
2857;413.635254;56056
2864;413.696289;56063
2871;413.879395;56070
2878;413.970947;56077
2885;414.001465;56084
2892;414.031982;56091
2899;413.696289;56098
2906;413.574219;56105
2914;413.787842;56113
2922;413.879395;56121
2929;413.879395;56128
2936;413.940430;56135
2943;413.726807;56142
2950;413.726807;56149
2957;413.574219;56156
2964;413.574219;56163
2971;413.909912;56170
2978;413.665771;56177
2985;413.696289;56184
2992;413.757324;56191
2999;413.909912;56198
3006;413.665771;56205
3013;413.726807;56212
3020;413.635254;56219
3027;413.940430;56226
3034;413.848877;56233
3041;413.726807;56240
3048;413.604736;56247
3055;413.726807;56254
3062;413.909912;56261
3069;413.726807;56268
3076;413.665771;56275
3083;413.879395;56282
3090;413.635254;56289
3097;413.757324;56296
3104;413.726807;56303
3111;413.696289;56310
3118;414.031982;56317
3125;413.848877;56324
3132;413.665771;56331
3139;413.757324;56338
3146;413.604736;56345
3153;413.635254;56352
3160;413.848877;56359
3167;413.940430;56366
3174;413.665771;56373
3181;413.909912;56380
3188;413.940430;56387
3195;413.696289;56394
3202;413.726807;56401
3209;413.940430;56408
3217;413.665771;56416
3224;414.001465;56423
3231;413.879395;56430
3238;413.787842;56437
3245;413.787842;56444
3253;413.909912;56452
3260;413.757324;56459
3267;413.879395;56466
3274;413.848877;56473
3281;413.574219;56480
3288;413.726807;56487
3295;413.726807;56494
3302;413.848877;56501
3309;413.757324;56508
3316;413.940430;56515
3323;414.581299;56522
3331;415.008545;56530
3339;414.978027;56538
3346;415.100098;56545
3353;414.733887;56552
3360;414.825439;56559
3367;414.794922;56566
3374;414.978027;56573
3381;415.039063;56580
3388;414.855957;56587
3395;414.764404;56594
3402;415.039063;56601
3409;414.764404;56608
3417;414.764404;56616
3424;415.069580;56623
3432;414.855957;56631
3439;414.978027;56638
3446;414.703369;56645
3453;414.978027;56652
3460;414.886475;56659
3467;415.039063;56666
3474;414.855957;56673
3481;414.886475;56680
3488;414.855957;56687
3495;415.100098;56694
3502;415.008545;56701
3509;414.855957;56708
3516;415.069580;56715
3523;415.100098;56722
3530;415.008545;56729
3537;415.039063;56736
3544;415.008545;56743
3551;414.886475;56750
3558;414.886475;56757
3565;415.069580;56764
3572;414.947510;56771
3579;414.825439;56778
3587;414.733887;56786
3594;414.978027;56793
3601;414.978027;56800
3608;415.039063;56807
3615;414.947510;56814
3622;415.008545;56821
3629;415.100098;56828
3636;415.008545;56835
3643;414.764404;56842
3650;415.222168;56849
3657;414.855957;56856
3664;414.947510;56863
3671;415.008545;56870
3678;415.039063;56877
3685;414.947510;56884
3692;414.947510;56891
3699;414.794922;56898
3706;415.008545;56905
3713;415.161133;56912
3720;415.008545;56919
3727;415.161133;56926
3734;414.855957;56933
3741;414.825439;56940
3748;414.794922;56947
3755;415.008545;56954
3762;414.886475;56961
3769;414.978027;56968
3776;414.611816;56975
3783;414.947510;56982
3791;415.069580;56990
3799;414.733887;56998
3806;414.825439;57005
3813;414.886475;57012
3820;415.008545;57019
3827;415.100098;57026
3834;415.008545;57033
3841;415.039063;57040
3848;415.161133;57047
3855;414.886475;57054
3862;414.794922;57061
3869;414.733887;57068
3876;414.672852;57075
3883;414.825439;57082
3890;415.069580;57089
3897;415.100098;57096
3904;415.100098;57103
3911;415.008545;57110
3918;414.886475;57117
3925;414.703369;57124
3932;414.886475;57131
3939;414.947510;57138
3946;414.703369;57145
3953;414.794922;57152
3960;414.978027;57159
3968;414.855957;57167
3975;415.008545;57174
3982;414.886475;57181
3989;415.130615;57188
3996;415.039063;57195
4003;414.978027;57202
4010;415.252686;57209
4017;414.764404;57216
4024;415.008545;57223
4031;415.130615;57230
4038;414.886475;57237
4045;414.947510;57244
4052;415.100098;57251
4059;414.764404;57258
4066;414.794922;57265
4073;414.978027;57272
4080;414.764404;57279
4088;415.069580;57287
4095;415.161133;57294
4102;414.825439;57301
4109;415.252686;57308
4116;414.978027;57315
4123;414.978027;57322
4130;414.886475;57329
4137;414.947510;57336
4144;414.825439;57343
4151;414.794922;57350
4158;414.978027;57357
4165;415.069580;57364
4172;415.039063;57371
4179;414.978027;57378
4186;414.886475;57385
4193;415.008545;57392
4200;414.855957;57399
4207;414.886475;57406
4214;414.886475;57413
4221;414.978027;57420
4228;414.886475;57427
4235;415.100098;57434
4242;414.855957;57441
4249;414.825439;57448
4256;415.039063;57455
4263;414.947510;57462
4270;414.978027;57469
4277;414.855957;57476
4284;414.794922;57483
4291;414.794922;57490
4298;414.794922;57497
4305;415.100098;57504
4312;414.947510;57511
4319;415.008545;57518
4326;415.008545;57525
4333;415.100098;57532
4340;414.855957;57539
4347;415.069580;57546
4354;414.886475;57553
4361;415.039063;57560
4368;415.283203;57567
4375;415.100098;57574
4382;414.855957;57581
4389;415.069580;57588
4397;415.130615;57596
4404;414.947510;57603
4411;414.825439;57610
4418;414.947510;57617
4425;414.764404;57624
4432;415.069580;57631
4439;414.947510;57638
4446;414.703369;57645
4453;415.100098;57652
4460;414.855957;57659
4467;414.978027;57666
4474;414.886475;57673
4481;414.886475;57680
4488;415.069580;57687
4495;414.886475;57694
4502;414.886475;57701
4509;415.100098;57708
4516;414.886475;57715
4523;415.100098;57722
4530;414.855957;57729
4537;414.886475;57736
4544;415.008545;57743
4551;414.978027;57750
4558;414.978027;57757
4565;414.886475;57764
4572;415.069580;57771
4579;414.733887;57778
4586;415.008545;57785
4593;414.978027;57792
4600;414.947510;57799
4607;414.611816;57806
4614;414.978027;57813
4621;414.886475;57820
4628;414.764404;57827
4635;414.947510;57834
4642;415.100098;57841
4649;414.978027;57848
4656;414.947510;57855
4663;415.039063;57862
4670;414.794922;57869
4677;415.039063;57876
4684;415.008545;57883
4691;414.978027;57890
4698;221.557617;57897
4705;41.900635;57904
4712;9.216309;57911
4719;2.990723;57918
4726;1.373291;57925
4733;1.007080;57932
4740;0.640869;57939
4747;0.640869;57946
4755;0.274658;57954
4762;0.457764;57961
4769;0.549316;57968
4776;0.488281;57975
4783;0.518799;57982
4790;0.274658;57989
4797;0.427246;57996
4804;0.366211;58003
4811;0.305176;58010
4818;0.488281;58017
4826;0.579834;58025
4833;0.549316;58032
4840;0.305176;58039
4847;0.305176;58046
4854;0.549316;58053
4861;0.671387;58060
4868;0.366211;58067
4875;0.305176;58074
4882;0.579834;58081
4889;0.427246;58088
4896;0.396729;58095
4903;0.488281;58102
4910;0.457764;58109
4917;0.274658;58116
4924;0.457764;58123
4931;0.518799;58130
4938;0.732422;58137
4946;0.518799;58145
4953;0.396729;58152
4960;0.427246;58159
4967;0.457764;58166
4974;0.549316;58173
4981;0.396729;58180
4988;0.549316;58187
4995;0.305176;58194
5002;0.305176;58201
5009;0.274658;58208
5016;0.366211;58215
5023;0.457764;58222
5030;0.274658;58229
5037;0.396729;58236
5044;0.549316;58243
5051;0.549316;58250
5058;0.366211;58257
5065;0.518799;58264
5109;0.244141;58308
5116;0.457764;58315
5123;0.366211;58322
5130;0.366211;58329
5140;0.366211;58339
5147;0.305176;58346
5154;0.457764;58353
5161;0.122070;58360
5168;0.366211;58367
5175;0.274658;58374
5182;0.457764;58381
5189;0.274658;58388
5196;0.305176;58395
5203;0.457764;58402
5210;0.457764;58409
5217;0.244141;58416
5224;0.152588;58423
5231;0.549316;58430
5238;0.244141;58437
5245;0.701904;58444
5252;0.671387;58451
5259;0.488281;58458
5266;0.274658;58465
5273;0.549316;58472
5280;0.488281;58479
5287;0.518799;58486
5295;0.396729;58494
5302;0.549316;58501
5312;0.518799;58511
5319;0.457764;58518
5327;0.396729;58526
5334;0.396729;58533
5341;0.396729;58540
5348;0.396729;58547
5355;0.305176;58554
5362;0.244141;58561
5369;0.213623;58568
5376;0.152588;58575
5383;0.305176;58582
5390;0.244141;58589
5397;0.427246;58596
5404;0.396729;58603
5411;0.274658;58610
5418;0.427246;58617
5425;0.274658;58624
5432;0.366211;58631
5439;0.488281;58638
5446;0.366211;58645
5453;0.579834;58652
5460;0.427246;58659
5467;0.305176;58666
5474;0.549316;58673
5481;0.701904;58680
5488;0.366211;58687
5495;0.152588;58694
5502;0.305176;58701
5509;0.488281;58708
5516;0.457764;58715
5523;0.305176;58722
5530;0.244141;58729
5537;0.640869;58736
5544;0.305176;58743
5551;0.183105;58750
5558;0.396729;58757
5565;0.427246;58764
5572;0.305176;58771
5579;0.396729;58778
5586;0.305176;58785
5593;0.366211;58792
5600;0.427246;58799
5607;0.427246;58806
5614;0.427246;58813
5621;0.305176;58820
5628;0.305176;58827
5635;0.457764;58834
5642;0.427246;58841
5649;0.396729;58848
5656;0.427246;58855
5663;0.244141;58862
5670;0.305176;58869
5677;0.579834;58876
5684;0.396729;58883
5691;0.274658;58890
5698;0.396729;58897
5705;0.488281;58904
5712;0.549316;58911
5719;0.030518;58918
5726;0.488281;58925
5733;0.457764;58932
5740;0.366211;58939
5747;0.366211;58946
5754;0.274658;58953
5761;0.305176;58960
5768;0.274658;58967
5775;0.427246;58974
5782;0.640869;58981
5790;0.152588;58989
5797;0.518799;58996
5804;0.488281;59003
5811;0.488281;59010
5818;0.305176;59017
5825;0.244141;59024
5832;0.244141;59031
5839;0.274658;59038
5846;0.427246;59045
5853;0.305176;59052
5860;0.244141;59059
5867;0.274658;59066
5874;0.274658;59073
5881;0.427246;59080
5888;0.518799;59087
5895;0.457764;59094
5902;0.244141;59101
5909;0.274658;59108
5916;0.396729;59115
5923;0.488281;59122
5930;0.366211;59129
5937;0.427246;59136
5944;0.457764;59143
5951;0.183105;59150
5958;0.305176;59157
5965;0.549316;59164
5972;0.427246;59171
5979;0.305176;59178
5986;0.244141;59185
5993;0.305176;59192
6000;0.457764;59199
6007;0.457764;59206
6014;0.396729;59213
6021;0.518799;59220
6028;0.213623;59227
6035;0.305176;59234
6042;0.549316;59241
6049;0.549316;59248
6056;0.427246;59255
6063;0.244141;59262
6070;0.305176;59269
6077;0.427246;59276
6084;0.122070;59283
6091;0.152588;59290
6098;0.396729;59297
6105;0.518799;59304
6112;0.457764;59311
6119;0.457764;59318
6126;0.457764;59325
6133;0.305176;59332
6140;0.396729;59339
6147;0.457764;59346
6154;0.488281;59353
6161;0.701904;59360
6168;0.518799;59367
6175;0.183105;59374
6182;0.244141;59381
6189;0.274658;59388
6196;0.518799;59395
6203;0.671387;59402
6210;0.579834;59409
6217;0.427246;59416
6224;0.427246;59423
6231;0.671387;59430
6238;0.457764;59437
6245;0.579834;59444
6252;0.305176;59451
6259;0.152588;59458
6266;0.244141;59465
6273;0.274658;59472
6280;0.457764;59479
6287;0.427246;59486
6294;0.457764;59493
6301;0.732422;59500
6308;0.488281;59507
6315;0.457764;59514
6322;0.518799;59521
6330;0.549316;59529
6337;0.579834;59536
6344;0.457764;59543
6351;0.305176;59550
6358;0.305176;59557
6365;0.518799;59564
6372;0.488281;59571
6379;0.213623;59578
6386;0.457764;59585
6393;0.244141;59592
6400;0.305176;59599
6407;0.305176;59606
6414;0.091553;59613
6421;0.366211;59620
6428;0.305176;59627
6435;0.366211;59634
6442;0.427246;59641
6449;0.274658;59648
6456;0.305176;59655
6463;0.457764;59662
6470;0.579834;59669
6477;0.274658;59676
6484;0.244141;59683
6491;0.579834;59690
6498;0.457764;59697
6505;0.671387;59704
6512;0.427246;59711
6519;0.274658;59718
6526;0.518799;59725
6533;0.579834;59732
6540;0.427246;59739
6547;0.518799;59746
6554;0.183105;59753
6561;0.427246;59760
6568;0.366211;59767
6575;0.305176;59774
6582;0.183105;59781
6589;0.305176;59788
6596;0.457764;59795
6603;0.213623;59802
6610;0.091553;59809
6617;0.549316;59816
6624;0.305176;59823
6631;0.366211;59830
6638;0.457764;59837
6645;0.366211;59844
6652;0.274658;59851
6659;0.305176;59858
6666;0.396729;59865
6673;0.732422;59872
6680;0.366211;59879
6687;0.457764;59886
6694;0.396729;59893
6701;0.183105;59900
6708;0.549316;59907
6715;0.457764;59914
6722;0.305176;59921
6729;0.030518;59928
6736;0.152588;59935
6743;0.366211;59942
6750;0.183105;59949
6757;0.396729;59956
6764;0.457764;59963
6771;0.457764;59970
6778;0.427246;59977
6785;0.396729;59984
6792;0.213623;59991
6800;0.457764;59999
6807;0.427246;60006
6814;0.488281;60013
6821;0.488281;60020
6829;0.549316;60028
6836;0.518799;60035
6843;0.305176;60042
6850;0.427246;60049
6857;0.213623;60056
6864;0.305176;60063
6871;0.305176;60070
6878;0.366211;60077
6885;0.213623;60084
6892;0.366211;60091
6899;0.244141;60098
6906;0.244141;60105
6913;0.518799;60112
6920;0.244141;60119
6927;0.457764;60126
6934;0.274658;60133
6941;0.366211;60140
6948;0.518799;60147
6955;0.366211;60154
6962;0.152588;60161
6969;0.457764;60168
6976;0.305176;60175
6983;0.488281;60182
7006;0.274658;60205
7013;0.457764;60212
7020;0.396729;60219
7027;0.488281;60226
7034;0.427246;60233
7041;0.183105;60240
7048;0.305176;60247
7055;0.274658;60254
7062;0.427246;60261
7069;0.396729;60268
7076;0.305176;60275
7083;0.518799;60282
7090;0.427246;60289
7097;0.549316;60296
7104;0.305176;60303
7111;0.518799;60310
7118;0.366211;60317
7125;0.518799;60324
7132;0.457764;60331
7139;0.305176;60338
7146;0.366211;60345
7153;0.244141;60352
7160;0.274658;60359
7167;0.396729;60366
7174;0.457764;60373
7181;0.457764;60380
7188;0.244141;60387
7195;0.396729;60394
7202;0.396729;60401
7209;0.305176;60408
7216;0.427246;60415
7223;0.457764;60422
7230;0.366211;60429
7237;0.305176;60436
7244;0.305176;60443
7251;0.549316;60450
7258;0.396729;60457
7267;0.457764;60466
7274;0.396729;60473
7281;0.518799;60480
7288;0.030518;60487
7297;0.366211;60496
7304;0.213623;60503
7311;0.183105;60510
7318;0.366211;60517
7325;0.427246;60524
7332;0.457764;60531
7339;0.427246;60538
7346;0.213623;60545
7353;0.274658;60552
7360;0.305176;60559
7367;0.305176;60566
7374;0.427246;60573
7381;0.091553;60580
7388;0.305176;60587
