ID;VALUE;TIMESTAMP
0;0.000000;53199
1;0.000000;53200
2;0.000000;53201
3;0.000000;53202
4;0.000000;53203
5;0.000000;53204
6;0.000000;53205
7;0.000000;53206
8;0.000000;53207
9;0.000000;53208
10;0.000000;53209
11;0.000000;53210
12;0.000000;53211
13;0.000000;53212
14;0.000000;53213
15;0.000000;53214
16;0.000000;53215
17;0.000000;53216
18;0.000000;53217
19;0.000000;53218
20;0.000000;53219
21;0.000000;53220
22;0.000000;53221
23;0.000000;53222
24;0.000000;53223
25;0.000000;53224
26;0.000000;53225
27;0.000000;53226
28;0.000000;53227
29;0.000000;53228
30;0.000000;53229
31;0.000000;53230
32;0.000000;53231
33;0.000000;53232
34;0.000000;53233
35;0.000000;53234
36;0.000000;53235
37;0.000000;53236
38;0.000000;53237
39;0.000000;53238
40;0.000000;53239
41;0.000000;53240
42;0.000000;53241
43;0.000000;53242
44;0.000000;53243
45;0.000000;53244
46;0.000000;53245
47;0.000000;53246
48;0.000000;53247
49;0.000000;53248
50;0.000000;53249
51;0.000000;53250
52;0.000000;53251
53;0.000000;53252
54;0.000000;53253
55;0.000000;53254
56;0.000000;53255
57;0.000000;53256
58;0.000000;53257
59;0.000000;53258
60;0.000000;53259
61;0.000000;53260
62;0.000000;53261
63;0.000000;53262
64;0.000000;53263
65;0.000000;53264
66;0.000000;53265
67;0.000000;53266
68;0.000000;53267
69;0.000000;53268
70;0.000000;53269
71;0.000000;53270
72;0.000000;53271
73;0.000000;53272
74;0.000000;53273
75;0.000000;53274
76;0.000000;53275
77;0.000000;53276
78;0.000000;53277
79;0.000000;53278
80;0.000000;53279
81;0.000000;53280
82;0.000000;53281
83;0.000000;53282
84;0.000000;53283
85;0.000000;53284
86;0.000000;53285
87;0.000000;53286
88;0.000000;53287
89;0.000000;53288
90;0.000000;53289
91;0.000000;53290
92;0.000000;53291
93;0.000000;53292
94;0.000000;53293
95;0.000000;53294
96;0.000000;53295
97;0.000000;53296
98;0.000000;53297
99;0.000000;53298
100;0.000000;53299
101;0.000000;53300
102;0.000000;53301
103;0.000000;53302
104;0.000000;53303
105;0.000000;53304
106;0.000000;53305
107;0.000000;53306
108;0.000000;53307
109;0.000000;53308
110;0.000000;53309
111;0.000000;53310
112;0.000000;53311
113;0.000000;53312
114;0.000000;53313
115;0.000000;53314
116;0.000000;53315
117;0.000000;53316
118;0.000000;53317
119;0.000000;53318
120;0.000000;53319
121;0.000000;53320
122;0.000000;53321
123;0.000000;53322
124;0.000000;53323
125;0.000000;53324
126;0.000000;53325
127;0.000000;53326
128;0.000000;53327
129;0.000000;53328
130;0.000000;53329
131;0.000000;53330
132;0.000000;53331
133;0.000000;53332
134;0.000000;53333
135;0.000000;53334
136;0.000000;53335
137;0.000000;53336
138;0.000000;53337
139;0.000000;53338
140;0.000000;53339
141;0.000000;53340
142;0.000000;53341
143;0.000000;53342
144;0.000000;53343
145;0.000000;53344
146;0.000000;53345
147;0.000000;53346
148;0.000000;53347
149;0.000000;53348
150;0.000000;53349
151;0.000000;53350
152;0.000000;53351
153;0.000000;53352
154;0.000000;53353
155;0.000000;53354
156;0.000000;53355
157;0.000000;53356
158;0.000000;53357
159;0.000000;53358
160;0.000000;53359
161;0.000000;53360
162;0.000000;53361
163;0.000000;53362
164;0.000000;53363
165;0.000000;53364
166;0.000000;53365
167;0.000000;53366
168;0.000000;53367
169;0.000000;53368
170;0.000000;53369
171;0.000000;53370
172;0.000000;53371
173;0.000000;53372
174;0.000000;53373
175;0.000000;53374
176;0.000000;53375
177;0.000000;53376
178;0.000000;53377
179;0.000000;53378
180;0.000000;53379
181;0.000000;53380
182;0.000000;53381
183;0.000000;53382
184;0.000000;53383
185;0.000000;53384
186;0.000000;53385
187;0.000000;53386
188;0.000000;53387
189;0.000000;53388
190;0.000000;53389
191;0.000000;53390
192;0.000000;53391
193;0.000000;53392
194;0.000000;53393
195;0.000000;53394
196;0.000000;53395
197;0.000000;53396
198;0.000000;53397
199;0.000000;53398
200;0.000000;53399
201;0.000000;53400
202;0.000000;53401
203;0.000000;53402
204;0.000000;53403
205;0.000000;53404
206;0.000000;53405
207;0.000000;53406
208;0.000000;53407
209;0.000000;53408
210;0.000000;53409
211;0.000000;53410
212;0.000000;53411
213;0.000000;53412
214;0.000000;53413
215;0.000000;53414
216;0.000000;53415
217;0.000000;53416
218;0.000000;53417
219;0.000000;53418
220;0.000000;53419
221;0.000000;53420
222;0.000000;53421
223;0.000000;53422
224;0.000000;53423
225;0.000000;53424
226;0.000000;53425
227;0.000000;53426
228;0.000000;53427
229;0.000000;53428
230;0.000000;53429
231;0.000000;53430
232;0.000000;53431
233;0.000000;53432
234;0.000000;53433
235;0.000000;53434
236;0.000000;53435
237;0.000000;53436
238;0.000000;53437
239;0.000000;53438
240;0.000000;53439
241;0.000000;53440
242;0.000000;53441
243;0.000000;53442
244;0.000000;53443
245;0.000000;53444
246;0.000000;53445
247;0.000000;53446
248;0.000000;53447
249;0.000000;53448
250;0.000000;53449
251;0.000000;53450
252;0.000000;53451
253;0.000000;53452
254;0.000000;53453
255;0.000000;53454
256;0.000000;53455
257;0.000000;53456
258;0.000000;53457
259;0.000000;53458
260;0.000000;53459
261;0.000000;53460
262;0.000000;53461
263;0.000000;53462
264;0.000000;53463
265;0.000000;53464
266;0.000000;53465
267;0.000000;53466
268;0.000000;53467
269;0.000000;53468
270;0.000000;53469
271;0.000000;53470
272;0.000000;53471
273;0.000000;53472
274;0.000000;53473
275;0.000000;53474
276;0.000000;53475
277;0.000000;53476
278;0.000000;53477
279;0.000000;53478
280;0.000000;53479
281;0.000000;53480
282;0.000000;53481
283;0.000000;53482
284;0.000000;53483
285;0.000000;53484
286;0.000000;53485
287;0.000000;53486
288;0.000000;53487
289;0.000000;53488
290;0.000000;53489
291;0.000000;53490
292;0.000000;53491
293;0.000000;53492
294;0.000000;53493
295;0.000000;53494
296;0.000000;53495
297;0.000000;53496
298;0.000000;53497
299;0.000000;53498
300;0.000000;53499
301;0.000000;53500
302;0.000000;53501
303;0.000000;53502
304;0.000000;53503
305;0.000000;53504
306;0.000000;53505
307;0.000000;53506
308;0.000000;53507
309;0.000000;53508
310;0.000000;53509
311;0.000000;53510
312;0.000000;53511
313;0.000000;53512
314;0.000000;53513
315;0.000000;53514
316;0.000000;53515
317;0.000000;53516
318;0.000000;53517
319;0.000000;53518
320;0.000000;53519
321;0.000000;53520
322;0.000000;53521
323;0.000000;53522
324;0.000000;53523
325;0.000000;53524
326;0.000000;53525
327;0.000000;53526
328;0.000000;53527
329;0.000000;53528
330;0.000000;53529
331;0.000000;53530
332;0.000000;53531
333;0.000000;53532
334;0.000000;53533
335;0.000000;53534
336;0.000000;53535
337;0.000000;53536
338;0.000000;53537
339;0.000000;53538
340;0.000000;53539
341;0.000000;53540
342;0.000000;53541
343;0.000000;53542
344;0.000000;53543
345;0.000000;53544
346;0.000000;53545
347;0.000000;53546
348;0.000000;53547
349;0.000000;53548
350;0.000000;53549
351;0.000000;53550
352;0.000000;53551
353;0.000000;53552
354;0.000000;53553
355;0.000000;53554
356;0.000000;53555
357;0.000000;53556
358;0.000000;53557
359;0.000000;53558
360;0.000000;53559
361;0.000000;53560
362;0.000000;53561
363;0.000000;53562
364;0.000000;53563
365;0.000000;53564
366;0.000000;53565
367;0.000000;53566
368;0.000000;53567
369;0.000000;53568
370;0.000000;53569
371;0.000000;53570
372;0.000000;53571
373;0.000000;53572
374;0.000000;53573
375;0.000000;53574
376;0.000000;53575
377;0.000000;53576
378;0.000000;53577
379;0.000000;53578
380;0.000000;53579
381;0.000000;53580
382;0.000000;53581
383;0.000000;53582
384;0.000000;53583
385;0.000000;53584
386;0.000000;53585
387;0.000000;53586
388;0.000000;53587
389;0.000000;53588
390;0.000000;53589
391;0.000000;53590
392;0.000000;53591
393;0.000000;53592
394;0.000000;53593
395;0.000000;53594
396;0.000000;53595
397;0.000000;53596
398;0.000000;53597
399;0.000000;53598
400;0.000000;53599
401;0.000000;53600
402;0.000000;53601
403;0.000000;53602
404;0.000000;53603
405;0.000000;53604
406;0.000000;53605
407;0.000000;53606
408;0.000000;53607
409;0.000000;53608
410;0.000000;53609
411;0.000000;53610
412;0.000000;53611
413;0.000000;53612
414;0.000000;53613
415;0.000000;53614
416;0.000000;53615
417;0.000000;53616
418;0.000000;53617
419;0.000000;53618
420;0.000000;53619
421;0.000000;53620
422;0.000000;53621
423;0.000000;53622
424;0.000000;53623
425;0.000000;53624
426;0.000000;53625
427;0.000000;53626
428;0.000000;53627
429;0.000000;53628
430;0.000000;53629
431;0.000000;53630
432;0.000000;53631
433;0.000000;53632
434;0.000000;53633
435;0.000000;53634
436;0.000000;53635
437;0.000000;53636
438;0.000000;53637
439;0.000000;53638
440;0.000000;53639
441;0.000000;53640
442;0.000000;53641
443;0.000000;53642
444;0.000000;53643
445;0.000000;53644
446;0.000000;53645
447;0.000000;53646
448;0.000000;53647
449;0.000000;53648
450;0.000000;53649
451;0.000000;53650
452;0.000000;53651
453;0.000000;53652
454;0.000000;53653
455;0.000000;53654
456;0.000000;53655
457;0.000000;53656
458;0.000000;53657
459;0.000000;53658
460;0.000000;53659
461;0.000000;53660
462;0.000000;53661
463;0.000000;53662
464;0.000000;53663
465;0.000000;53664
466;0.000000;53665
467;0.000000;53666
468;0.000000;53667
469;0.000000;53668
470;0.000000;53669
471;0.000000;53670
472;0.000000;53671
473;0.000000;53672
474;0.000000;53673
475;0.000000;53674
476;0.000000;53675
477;0.000000;53676
478;0.000000;53677
479;0.000000;53678
480;0.000000;53679
481;0.000000;53680
482;0.000000;53681
483;0.000000;53682
484;0.000000;53683
485;0.000000;53684
486;0.000000;53685
487;0.000000;53686
488;0.000000;53687
489;0.000000;53688
490;0.000000;53689
491;0.000000;53690
492;0.000000;53691
493;0.000000;53692
494;0.000000;53693
495;0.000000;53694
496;0.000000;53695
497;0.000000;53696
498;0.000000;53697
499;0.000000;53698
500;0.000000;53699
501;0.000000;53700
502;0.000000;53701
503;0.000000;53702
504;0.000000;53703
505;0.000000;53704
506;0.000000;53705
507;0.000000;53706
508;0.000000;53707
509;0.000000;53708
510;0.000000;53709
511;0.000000;53710
512;0.000000;53711
513;0.000000;53712
514;0.000000;53713
515;0.000000;53714
516;0.000000;53715
517;0.000000;53716
518;0.000000;53717
519;0.000000;53718
520;0.000000;53719
521;0.000000;53720
522;0.000000;53721
523;0.000000;53722
524;0.000000;53723
525;0.000000;53724
526;0.000000;53725
527;0.000000;53726
528;0.000000;53727
529;0.000000;53728
530;0.000000;53729
531;0.000000;53730
532;0.000000;53731
533;0.000000;53732
534;0.000000;53733
535;0.000000;53734
536;0.000000;53735
537;0.000000;53736
538;0.000000;53737
539;0.000000;53738
540;0.000000;53739
541;0.000000;53740
542;0.000000;53741
543;0.000000;53742
544;0.000000;53743
545;0.000000;53744
546;0.000000;53745
547;0.000000;53746
548;0.000000;53747
549;0.000000;53748
550;0.000000;53749
551;0.000000;53750
552;0.000000;53751
553;0.000000;53752
554;0.000000;53753
555;0.000000;53754
556;0.000000;53755
557;0.000000;53756
558;0.000000;53757
559;0.000000;53758
560;0.000000;53759
561;0.000000;53760
562;0.000000;53761
563;0.000000;53762
564;0.000000;53763
565;0.000000;53764
566;0.000000;53765
567;0.000000;53766
568;0.000000;53767
569;0.000000;53768
570;0.000000;53769
571;0.000000;53770
572;0.000000;53771
573;0.000000;53772
574;0.000000;53773
575;0.000000;53774
576;0.000000;53775
577;0.000000;53776
578;0.000000;53777
579;0.000000;53778
580;0.000000;53779
581;0.000000;53780
582;0.000000;53781
583;0.000000;53782
584;0.000000;53783
585;0.000000;53784
586;0.000000;53785
587;0.000000;53786
588;0.000000;53787
589;0.000000;53788
590;0.000000;53789
591;0.000000;53790
592;0.000000;53791
593;0.000000;53792
594;0.000000;53793
595;0.000000;53794
596;0.000000;53795
597;0.000000;53796
598;0.000000;53797
599;0.000000;53798
600;0.000000;53799
601;0.000000;53800
602;0.000000;53801
603;0.000000;53802
604;0.000000;53803
605;0.000000;53804
606;0.000000;53805
607;0.000000;53806
608;0.000000;53807
609;0.000000;53808
610;0.000000;53809
611;0.000000;53810
612;0.000000;53811
613;0.000000;53812
614;0.000000;53813
615;0.000000;53814
616;0.000000;53815
617;0.000000;53816
618;0.000000;53817
619;0.000000;53818
620;0.000000;53819
621;0.000000;53820
622;0.000000;53821
623;0.000000;53822
624;0.000000;53823
625;0.000000;53824
626;0.000000;53825
627;0.000000;53826
628;0.000000;53827
629;0.000000;53828
630;0.000000;53829
631;0.000000;53830
632;0.000000;53831
633;0.000000;53832
634;0.000000;53833
635;0.000000;53834
636;0.000000;53835
637;0.000000;53836
638;0.000000;53837
639;0.000000;53838
640;0.000000;53839
641;0.000000;53840
642;0.000000;53841
643;0.000000;53842
644;0.000000;53843
645;0.000000;53844
646;0.000000;53845
647;0.000000;53846
648;0.000000;53847
649;0.000000;53848
650;0.000000;53849
651;0.000000;53850
652;0.000000;53851
653;0.000000;53852
654;0.000000;53853
655;0.000000;53854
656;0.000000;53855
657;0.000000;53856
658;0.000000;53857
659;0.000000;53858
660;0.000000;53859
661;0.000000;53860
662;0.000000;53861
663;0.000000;53862
664;0.000000;53863
665;0.000000;53864
666;0.000000;53865
667;0.000000;53866
668;0.000000;53867
669;0.000000;53868
670;0.000000;53869
671;0.000000;53870
672;0.000000;53871
673;0.000000;53872
674;0.000000;53873
675;0.000000;53874
676;0.000000;53875
677;0.000000;53876
678;0.000000;53877
679;0.000000;53878
680;0.000000;53879
681;0.000000;53880
682;0.000000;53881
683;0.000000;53882
684;0.000000;53883
685;0.000000;53884
686;0.000000;53885
687;0.000000;53886
688;0.000000;53887
689;0.000000;53888
690;0.000000;53889
691;0.000000;53890
692;0.000000;53891
693;0.000000;53892
694;0.000000;53893
695;0.000000;53894
696;0.000000;53895
697;0.000000;53896
698;0.000000;53897
699;0.000000;53898
700;0.000000;53899
701;0.000000;53900
702;0.000000;53901
703;0.000000;53902
704;0.000000;53903
705;0.000000;53904
706;0.000000;53905
707;0.000000;53906
708;0.000000;53907
709;0.000000;53908
710;0.000000;53909
711;0.000000;53910
712;0.000000;53911
713;0.000000;53912
714;0.000000;53913
715;0.000000;53914
716;0.000000;53915
717;0.000000;53916
718;0.000000;53917
719;0.000000;53918
720;0.000000;53919
721;0.000000;53920
722;0.000000;53921
723;0.000000;53922
724;0.000000;53923
725;0.000000;53924
726;0.000000;53925
727;0.000000;53926
728;0.000000;53927
729;0.000000;53928
730;0.000000;53929
731;0.000000;53930
732;0.000000;53931
733;0.000000;53932
734;0.000000;53933
735;0.000000;53934
736;0.000000;53935
737;0.000000;53936
738;0.000000;53937
739;0.000000;53938
740;0.000000;53939
741;0.000000;53940
742;0.000000;53941
743;0.000000;53942
744;0.000000;53943
745;0.000000;53944
746;0.000000;53945
747;0.000000;53946
748;0.000000;53947
749;0.000000;53948
750;0.000000;53949
751;0.000000;53950
752;0.000000;53951
753;0.000000;53952
754;0.000000;53953
755;0.000000;53954
756;0.000000;53955
757;0.000000;53956
758;0.000000;53957
759;0.000000;53958
760;0.000000;53959
761;0.000000;53960
762;0.000000;53961
763;0.000000;53962
764;0.000000;53963
765;0.000000;53964
766;0.000000;53965
767;0.000000;53966
768;0.000000;53967
769;0.000000;53968
770;0.000000;53969
771;0.000000;53970
772;0.000000;53971
773;0.000000;53972
774;0.000000;53973
775;0.000000;53974
776;0.000000;53975
777;0.000000;53976
778;0.000000;53977
779;0.000000;53978
780;0.000000;53979
781;0.000000;53980
782;0.000000;53981
783;0.000000;53982
784;0.000000;53983
785;0.000000;53984
786;0.000000;53985
787;0.000000;53986
788;0.000000;53987
789;0.000000;53988
790;0.000000;53989
791;0.000000;53990
792;0.000000;53991
793;0.000000;53992
794;0.000000;53993
795;0.000000;53994
796;0.000000;53995
797;0.000000;53996
798;0.000000;53997
799;0.000000;53998
800;0.000000;53999
801;0.000000;54000
802;0.000000;54001
803;0.000000;54002
804;0.000000;54003
805;0.000000;54004
806;0.000000;54005
807;0.000000;54006
808;0.000000;54007
809;0.000000;54008
810;0.000000;54009
811;0.000000;54010
812;0.000000;54011
813;0.000000;54012
814;0.000000;54013
815;0.000000;54014
816;0.000000;54015
817;0.000000;54016
818;0.000000;54017
819;0.000000;54018
820;0.000000;54019
821;0.000000;54020
822;0.000000;54021
823;0.000000;54022
824;0.000000;54023
825;0.000000;54024
826;0.000000;54025
827;0.000000;54026
828;0.000000;54027
829;0.000000;54028
830;0.000000;54029
831;0.000000;54030
832;0.000000;54031
833;0.000000;54032
834;0.000000;54033
835;0.000000;54034
836;0.000000;54035
837;0.000000;54036
838;0.000000;54037
839;0.000000;54038
840;0.000000;54039
841;0.000000;54040
842;0.000000;54041
843;0.000000;54042
844;0.000000;54043
845;0.000000;54044
846;0.000000;54045
847;0.000000;54046
848;0.000000;54047
849;0.000000;54048
850;0.000000;54049
851;0.000000;54050
852;0.000000;54051
853;0.000000;54052
854;0.000000;54053
855;0.000000;54054
856;0.000000;54055
857;0.000000;54056
858;0.000000;54057
859;0.000000;54058
860;0.000000;54059
861;0.000000;54060
862;0.000000;54061
863;0.000000;54062
864;0.000000;54063
865;0.000000;54064
866;0.000000;54065
867;0.000000;54066
868;0.000000;54067
869;0.000000;54068
870;0.000000;54069
871;0.000000;54070
872;0.000000;54071
873;0.000000;54072
874;0.000000;54073
875;0.000000;54074
876;0.000000;54075
877;0.000000;54076
878;0.000000;54077
879;0.000000;54078
880;0.000000;54079
881;0.000000;54080
882;0.000000;54081
883;0.000000;54082
884;0.000000;54083
885;0.000000;54084
886;0.000000;54085
887;0.000000;54086
888;0.000000;54087
889;0.000000;54088
890;0.000000;54089
891;0.000000;54090
892;0.000000;54091
893;0.000000;54092
894;0.000000;54093
895;0.000000;54094
896;0.000000;54095
897;0.000000;54096
898;0.000000;54097
899;0.000000;54098
900;0.000000;54099
901;0.000000;54100
902;0.000000;54101
903;0.000000;54102
904;0.000000;54103
905;0.000000;54104
906;0.000000;54105
907;0.000000;54106
908;0.000000;54107
909;0.000000;54108
910;0.000000;54109
911;0.000000;54110
912;0.000000;54111
913;0.000000;54112
914;0.000000;54113
915;0.000000;54114
916;0.000000;54115
917;0.000000;54116
918;0.000000;54117
919;0.000000;54118
920;0.000000;54119
921;0.000000;54120
922;0.000000;54121
923;0.000000;54122
924;0.000000;54123
925;0.000000;54124
926;0.000000;54125
927;0.000000;54126
928;0.000000;54127
929;0.000000;54128
930;0.000000;54129
931;0.000000;54130
932;0.000000;54131
933;0.000000;54132
934;0.000000;54133
935;0.000000;54134
936;0.000000;54135
937;0.000000;54136
938;0.000000;54137
939;0.000000;54138
940;0.000000;54139
941;0.000000;54140
942;0.000000;54141
943;0.000000;54142
944;0.000000;54143
945;0.000000;54144
946;0.000000;54145
947;0.000000;54146
948;0.000000;54147
949;0.000000;54148
950;0.000000;54149
951;0.000000;54150
952;0.000000;54151
953;0.000000;54152
954;0.000000;54153
955;0.000000;54154
956;0.000000;54155
957;0.000000;54156
958;0.000000;54157
959;0.000000;54158
960;0.000000;54159
961;0.000000;54160
962;0.000000;54161
963;0.000000;54162
964;0.000000;54163
965;0.000000;54164
966;0.000000;54165
967;0.000000;54166
968;0.000000;54167
969;0.000000;54168
970;0.000000;54169
971;0.000000;54170
972;0.000000;54171
973;0.000000;54172
974;0.000000;54173
975;0.000000;54174
976;0.000000;54175
977;0.000000;54176
978;0.000000;54177
979;0.000000;54178
980;0.000000;54179
981;0.000000;54180
982;0.000000;54181
983;0.000000;54182
984;0.000000;54183
985;0.000000;54184
986;0.000000;54185
987;0.000000;54186
988;0.000000;54187
989;0.000000;54188
990;0.000000;54189
991;0.000000;54190
992;0.000000;54191
993;0.000000;54192
994;0.000000;54193
995;0.000000;54194
996;0.000000;54195
997;0.000000;54196
998;0.000000;54197
999;0.000000;54198
1000;0.000000;54199
1001;0.000000;54200
1002;0.000000;54201
1003;0.000000;54202
1004;0.000000;54203
1005;0.000000;54204
1006;0.000000;54205
1007;0.000000;54206
1008;0.000000;54207
1009;0.000000;54208
1010;0.000000;54209
1011;0.000000;54210
1012;0.000000;54211
1013;0.000000;54212
1014;0.000000;54213
1015;0.000000;54214
1016;0.000000;54215
1017;0.000000;54216
1018;0.000000;54217
1019;0.000000;54218
1020;0.000000;54219
1021;0.000000;54220
1022;0.000000;54221
1023;0.000000;54222
1024;0.000000;54223
1025;0.000000;54224
1026;0.000000;54225
1027;0.000000;54226
1028;0.000000;54227
1029;0.000000;54228
1030;0.000000;54229
1031;0.000000;54230
1032;0.000000;54231
1033;0.000000;54232
1034;0.000000;54233
1035;0.000000;54234
1036;0.000000;54235
1037;0.000000;54236
1038;0.000000;54237
1039;0.000000;54238
1040;0.000000;54239
1041;0.000000;54240
1042;0.000000;54241
1043;0.000000;54242
1044;0.000000;54243
1045;0.000000;54244
1046;0.000000;54245
1047;0.000000;54246
1048;0.000000;54247
1049;0.000000;54248
1050;0.000000;54249
1051;0.000000;54250
1052;0.000000;54251
1053;0.000000;54252
1054;0.000000;54253
1055;0.000000;54254
1056;0.000000;54255
1057;0.000000;54256
1058;0.000000;54257
1059;0.000000;54258
1060;0.000000;54259
1061;0.000000;54260
1062;0.000000;54261
1063;0.000000;54262
1064;0.000000;54263
1065;0.000000;54264
1066;0.000000;54265
1067;0.000000;54266
1068;0.000000;54267
1069;0.000000;54268
1070;0.000000;54269
1071;0.000000;54270
1072;0.000000;54271
1073;0.000000;54272
1074;0.000000;54273
1075;0.000000;54274
1076;0.000000;54275
1077;0.000000;54276
1078;0.000000;54277
1079;0.000000;54278
1080;0.000000;54279
1081;0.000000;54280
1082;0.000000;54281
1083;0.000000;54282
1084;0.000000;54283
1085;0.000000;54284
1086;0.000000;54285
1087;0.000000;54286
1088;0.000000;54287
1089;0.000000;54288
1090;0.000000;54289
1091;0.000000;54290
1092;0.000000;54291
1093;0.000000;54292
1094;0.000000;54293
1095;0.000000;54294
1096;0.000000;54295
1097;0.000000;54296
1098;0.000000;54297
1099;0.000000;54298
1100;0.000000;54299
1101;0.000000;54300
1102;0.000000;54301
1103;0.000000;54302
1104;0.000000;54303
1105;0.000000;54304
1106;0.000000;54305
1107;0.000000;54306
1108;0.000000;54307
1109;0.000000;54308
1110;0.000000;54309
1111;0.000000;54310
1112;0.000000;54311
1113;0.000000;54312
1114;0.000000;54313
1115;0.000000;54314
1116;0.000000;54315
1117;0.000000;54316
1118;0.000000;54317
1119;0.000000;54318
1120;0.000000;54319
1121;0.000000;54320
1122;0.000000;54321
1123;0.000000;54322
1124;0.000000;54323
1125;0.000000;54324
1126;0.000000;54325
1127;0.000000;54326
1128;0.000000;54327
1129;0.000000;54328
1130;0.000000;54329
1131;0.000000;54330
1132;0.000000;54331
1133;0.000000;54332
1134;0.000000;54333
1135;0.000000;54334
1136;0.000000;54335
1137;0.000000;54336
1138;0.000000;54337
1139;0.000000;54338
1140;0.000000;54339
1141;0.000000;54340
1142;0.000000;54341
1143;0.000000;54342
1144;0.000000;54343
1150;0.000000;54349
1158;0.000000;54357
1165;0.000000;54364
1174;0.000000;54373
1181;0.000000;54380
1189;0.000000;54388
1198;0.000000;54397
1206;0.000000;54405
1215;0.000000;54414
1222;0.000000;54421
1230;0.000000;54429
1238;0.000000;54437
1247;0.000000;54446
1254;0.000000;54453
1262;0.000000;54461
1269;0.000000;54468
1278;0.000000;54477
1287;0.000000;54486
1294;0.000000;54493
1301;0.000000;54500
1308;0.000000;54507
1315;0.000000;54514
1323;0.000000;54522
1331;0.000000;54530
1338;0.000000;54537
1347;0.000000;54546
1355;0.000000;54554
1363;0.000000;54562
1370;0.000000;54569
1377;0.000000;54576
1384;0.000000;54583
1391;0.000000;54590
1398;0.000000;54597
1405;0.000000;54604
1413;0.000000;54612
1420;0.000000;54619
1428;0.000000;54627
1436;0.000000;54635
1443;0.000000;54642
1452;0.000000;54651
1460;0.000000;54659
1468;0.000000;54667
1475;0.000000;54674
1484;0.000000;54683
1491;0.000000;54690
1498;0.000000;54697
1507;0.000000;54706
1514;0.000000;54713
1521;0.000000;54720
1530;0.000000;54729
1539;0.000000;54738
1546;0.000000;54745
1553;0.000000;54752
1560;0.000000;54759
1567;0.000000;54766
1574;0.000000;54773
1581;0.000000;54780
1588;0.000000;54787
1595;0.000000;54794
1603;1.000000;54802
1610;1.000000;54809
1617;1.000000;54816
1624;1.000000;54823
1631;1.000000;54830
1638;1.000000;54837
1646;1.000000;54845
1654;1.000000;54853
1662;1.000000;54861
1669;1.000000;54868
1676;1.000000;54875
1683;1.000000;54882
1691;1.000000;54890
1701;1.000000;54900
1708;1.000000;54907
1715;1.000000;54914
1722;1.000000;54921
1730;1.000000;54929
1737;1.000000;54936
1744;1.000000;54943
1751;1.000000;54950
1759;1.000000;54958
1767;1.000000;54966
1777;1.000000;54976
1784;1.000000;54983
1792;1.000000;54991
1799;1.000000;54998
1807;1.000000;55006
1815;1.000000;55014
1822;1.000000;55021
1829;1.000000;55028
1837;1.000000;55036
1844;1.000000;55043
1851;1.000000;55050
1859;1.000000;55058
1867;1.000000;55066
1875;1.000000;55074
1883;1.000000;55082
1890;1.000000;55089
1897;1.000000;55096
1904;1.000000;55103
1911;1.000000;55110
1919;1.000000;55118
1926;1.000000;55125
1933;1.000000;55132
1940;1.000000;55139
1947;1.000000;55146
1954;1.000000;55153
1961;1.000000;55160
1968;1.000000;55167
1975;1.000000;55174
1982;1.000000;55181
1991;1.000000;55190
1999;1.000000;55198
2006;1.000000;55205
2013;1.000000;55212
2020;1.000000;55219
2027;1.000000;55226
2034;1.000000;55233
2041;1.000000;55240
2048;1.000000;55247
2055;1.000000;55254
2062;1.000000;55261
2070;1.000000;55269
2078;1.000000;55277
2085;1.000000;55284
2092;1.000000;55291
2099;1.000000;55298
2107;1.000000;55306
2116;1.000000;55315
2123;1.000000;55322
2130;1.000000;55329
2138;1.000000;55337
2145;1.000000;55344
2152;1.000000;55351
2159;1.000000;55358
2166;1.000000;55365
2173;1.000000;55372
2180;1.000000;55379
2187;1.000000;55386
2194;1.000000;55393
2201;1.000000;55400
2208;1.000000;55407
2215;1.000000;55414
2222;1.000000;55421
2230;1.000000;55429
2237;1.000000;55436
2244;1.000000;55443
2251;1.000000;55450
2258;1.000000;55457
2266;1.000000;55465
2273;1.000000;55472
2280;1.000000;55479
2287;1.000000;55486
2294;1.000000;55493
2302;1.000000;55501
2310;1.000000;55509
2317;1.000000;55516
2324;1.000000;55523
2331;1.000000;55530
2339;1.000000;55538
2347;1.000000;55546
2354;1.000000;55553
2361;1.000000;55560
2368;1.000000;55567
2375;1.000000;55574
2382;1.000000;55581
2389;1.000000;55588
2396;1.000000;55595
2403;1.000000;55602
2410;1.000000;55609
2417;1.000000;55616
2425;1.000000;55624
2432;1.000000;55631
2439;1.000000;55638
2446;1.000000;55645
2453;1.000000;55652
2461;1.000000;55660
2468;1.000000;55667
2475;1.000000;55674
2482;1.000000;55681
2489;1.000000;55688
2496;1.000000;55695
2503;1.000000;55702
2510;1.000000;55709
2517;1.000000;55716
2524;1.000000;55723
2531;1.000000;55730
2539;1.000000;55738
2546;1.000000;55745
2553;1.000000;55752
2560;1.000000;55759
2567;1.000000;55766
2574;1.000000;55773
2581;1.000000;55780
2588;1.000000;55787
2595;1.000000;55794
2602;1.000000;55801
2609;1.000000;55808
2616;1.000000;55815
2623;1.000000;55822
2630;1.000000;55829
2637;1.000000;55836
2644;1.000000;55843
2651;1.000000;55850
2658;1.000000;55857
2665;1.000000;55864
2672;1.000000;55871
2679;1.000000;55878
2686;1.000000;55885
2694;1.000000;55893
2701;1.000000;55900
2708;1.000000;55907
2715;1.000000;55914
2722;1.000000;55921
2729;1.000000;55928
2736;1.000000;55935
2743;1.000000;55942
2750;1.000000;55949
2757;1.000000;55956
2764;1.000000;55963
2771;1.000000;55970
2778;1.000000;55977
2785;1.000000;55984
2792;1.000000;55991
2799;1.000000;55998
2807;1.000000;56006
2814;1.000000;56013
2821;1.000000;56020
2828;1.000000;56027
2835;1.000000;56034
2843;1.000000;56042
2850;1.000000;56049
2857;1.000000;56056
2864;1.000000;56063
2871;1.000000;56070
2878;1.000000;56077
2885;1.000000;56084
2892;1.000000;56091
2899;1.000000;56098
2906;1.000000;56105
2914;1.000000;56113
2922;1.000000;56121
2929;1.000000;56128
2936;1.000000;56135
2943;1.000000;56142
2950;1.000000;56149
2957;1.000000;56156
2964;1.000000;56163
2971;1.000000;56170
2978;1.000000;56177
2985;1.000000;56184
2992;1.000000;56191
2999;1.000000;56198
3006;1.000000;56205
3013;1.000000;56212
3020;1.000000;56219
3027;1.000000;56226
3034;1.000000;56233
3041;1.000000;56240
3048;1.000000;56247
3055;1.000000;56254
3062;1.000000;56261
3069;1.000000;56268
3076;1.000000;56275
3083;1.000000;56282
3090;1.000000;56289
3097;1.000000;56296
3104;1.000000;56303
3111;1.000000;56310
3118;1.000000;56317
3125;1.000000;56324
3132;1.000000;56331
3139;1.000000;56338
3146;1.000000;56345
3153;1.000000;56352
3160;1.000000;56359
3167;1.000000;56366
3174;1.000000;56373
3181;1.000000;56380
3188;1.000000;56387
3195;1.000000;56394
3202;1.000000;56401
3209;1.000000;56408
3216;1.000000;56415
3223;1.000000;56422
3230;1.000000;56429
3237;1.000000;56436
3245;1.000000;56444
3252;1.000000;56451
3259;1.000000;56458
3266;1.000000;56465
3274;1.000000;56473
3281;1.000000;56480
3288;1.000000;56487
3295;1.000000;56494
3302;1.000000;56501
3309;1.000000;56508
3316;1.000000;56515
3323;1.000000;56522
3331;1.000000;56530
3338;1.000000;56537
3345;1.000000;56544
3352;1.000000;56551
3359;1.000000;56558
3367;1.000000;56566
3374;1.000000;56573
3381;1.000000;56580
3388;1.000000;56587
3395;1.000000;56594
3402;1.000000;56601
3409;1.000000;56608
3417;1.000000;56616
3424;1.000000;56623
3432;1.000000;56631
3439;1.000000;56638
3446;1.000000;56645
3453;1.000000;56652
3460;1.000000;56659
3467;1.000000;56666
3474;1.000000;56673
3481;1.000000;56680
3488;1.000000;56687
3495;1.000000;56694
3502;1.000000;56701
3509;1.000000;56708
3516;1.000000;56715
3523;1.000000;56722
3530;1.000000;56729
3537;1.000000;56736
3544;1.000000;56743
3551;1.000000;56750
3558;1.000000;56757
3565;1.000000;56764
3572;1.000000;56771
3579;1.000000;56778
3587;1.000000;56786
3594;1.000000;56793
3601;1.000000;56800
3608;1.000000;56807
3615;1.000000;56814
3622;1.000000;56821
3629;1.000000;56828
3636;1.000000;56835
3643;1.000000;56842
3650;1.000000;56849
3657;1.000000;56856
3664;1.000000;56863
3671;1.000000;56870
3678;1.000000;56877
3685;1.000000;56884
3692;1.000000;56891
3699;1.000000;56898
3706;1.000000;56905
3713;1.000000;56912
3720;1.000000;56919
3727;1.000000;56926
3734;1.000000;56933
3741;1.000000;56940
3748;1.000000;56947
3755;1.000000;56954
3762;1.000000;56961
3769;1.000000;56968
3776;1.000000;56975
3783;1.000000;56982
3791;1.000000;56990
3799;1.000000;56998
3806;1.000000;57005
3813;1.000000;57012
3820;1.000000;57019
3827;1.000000;57026
3834;1.000000;57033
3841;1.000000;57040
3848;1.000000;57047
3855;1.000000;57054
3862;1.000000;57061
3869;1.000000;57068
3876;1.000000;57075
3883;1.000000;57082
3890;1.000000;57089
3897;1.000000;57096
3904;1.000000;57103
3911;1.000000;57110
3918;1.000000;57117
3925;1.000000;57124
3932;1.000000;57131
3939;1.000000;57138
3946;1.000000;57145
3953;1.000000;57152
3960;1.000000;57159
3967;1.000000;57166
3974;1.000000;57173
3981;1.000000;57180
3988;1.000000;57187
3995;1.000000;57194
4002;1.000000;57201
4009;1.000000;57208
4016;1.000000;57215
4023;1.000000;57222
4030;1.000000;57229
4037;1.000000;57236
4044;1.000000;57243
4051;1.000000;57250
4058;1.000000;57257
4065;1.000000;57264
4072;1.000000;57271
4079;1.000000;57278
4086;1.000000;57285
4093;1.000000;57292
4100;1.000000;57299
4107;1.000000;57306
4114;1.000000;57313
4121;1.000000;57320
4128;1.000000;57327
4135;1.000000;57334
4142;1.000000;57341
4149;1.000000;57348
4156;1.000000;57355
4163;1.000000;57362
4170;1.000000;57369
4177;1.000000;57376
4184;1.000000;57383
4191;1.000000;57390
4198;1.000000;57397
4205;1.000000;57404
4212;1.000000;57411
4219;1.000000;57418
4226;1.000000;57425
4233;1.000000;57432
4240;1.000000;57439
4247;1.000000;57446
4254;1.000000;57453
4261;1.000000;57460
4268;1.000000;57467
4275;1.000000;57474
4282;1.000000;57481
4289;1.000000;57488
4296;1.000000;57495
4303;1.000000;57502
4310;1.000000;57509
4317;1.000000;57516
4324;1.000000;57523
4331;1.000000;57530
4338;1.000000;57537
4345;1.000000;57544
4352;1.000000;57551
4359;1.000000;57558
4366;1.000000;57565
4373;1.000000;57572
4380;1.000000;57579
4387;1.000000;57586
4394;1.000000;57593
4401;1.000000;57600
4408;1.000000;57607
4415;1.000000;57614
4422;1.000000;57621
4429;1.000000;57628
4436;1.000000;57635
4443;1.000000;57642
4450;1.000000;57649
4457;1.000000;57656
4464;1.000000;57663
4471;1.000000;57670
4478;1.000000;57677
4485;1.000000;57684
4492;1.000000;57691
4499;1.000000;57698
4506;1.000000;57705
4513;1.000000;57712
4520;1.000000;57719
4527;1.000000;57726
4534;1.000000;57733
4541;1.000000;57740
4548;1.000000;57747
4555;1.000000;57754
4562;1.000000;57761
4570;1.000000;57769
4577;1.000000;57776
4584;1.000000;57783
4591;1.000000;57790
4598;1.000000;57797
4605;1.000000;57804
4612;1.000000;57811
4619;1.000000;57818
4626;1.000000;57825
4633;1.000000;57832
4640;1.000000;57839
4647;1.000000;57846
4654;1.000000;57853
4661;1.000000;57860
4668;1.000000;57867
4675;1.000000;57874
4682;1.000000;57881
4689;0.000000;57888
4696;0.000000;57895
4703;0.000000;57902
4710;0.000000;57909
4717;0.000000;57916
4724;0.000000;57923
4731;0.000000;57930
4738;0.000000;57937
4745;0.000000;57944
4752;0.000000;57951
4760;0.000000;57959
4767;0.000000;57966
4774;0.000000;57973
4781;0.000000;57980
4788;0.000000;57987
4795;0.000000;57994
4802;0.000000;58001
4809;0.000000;58008
4816;0.000000;58015
4824;0.000000;58023
4831;0.000000;58030
4838;0.000000;58037
4845;0.000000;58044
4852;0.000000;58051
4859;0.000000;58058
4866;0.000000;58065
4873;0.000000;58072
4880;0.000000;58079
4887;0.000000;58086
4894;0.000000;58093
4901;0.000000;58100
4908;0.000000;58107
4915;0.000000;58114
4922;0.000000;58121
4929;0.000000;58128
4936;0.000000;58135
4943;0.000000;58142
4950;0.000000;58149
4957;0.000000;58156
4964;0.000000;58163
4971;0.000000;58170
4978;0.000000;58177
4985;0.000000;58184
4992;0.000000;58191
4999;0.000000;58198
5006;0.000000;58205
5013;0.000000;58212
5020;0.000000;58219
5027;0.000000;58226
5034;0.000000;58233
5041;0.000000;58240
5048;0.000000;58247
5055;0.000000;58254
5062;0.000000;58261
5106;0.000000;58305
5113;0.000000;58312
5121;0.000000;58320
5128;0.000000;58327
5138;0.000000;58337
5145;0.000000;58344
5152;0.000000;58351
5159;0.000000;58358
5166;0.000000;58365
5173;0.000000;58372
5180;0.000000;58379
5187;0.000000;58386
5194;0.000000;58393
5201;0.000000;58400
5208;0.000000;58407
5215;0.000000;58414
5222;0.000000;58421
5229;0.000000;58428
5236;0.000000;58435
5243;0.000000;58442
5250;0.000000;58449
5258;0.000000;58457
5265;0.000000;58464
5273;0.000000;58472
5280;0.000000;58479
5287;0.000000;58486
5295;0.000000;58494
5302;0.000000;58501
5312;0.000000;58511
5319;0.000000;58518
5327;0.000000;58526
5334;0.000000;58533
5341;0.000000;58540
5348;0.000000;58547
5355;0.000000;58554
5362;0.000000;58561
5369;0.000000;58568
5376;0.000000;58575
5383;0.000000;58582
5390;0.000000;58589
5397;0.000000;58596
5404;0.000000;58603
5411;0.000000;58610
5418;0.000000;58617
5425;0.000000;58624
5432;0.000000;58631
5439;0.000000;58638
5446;0.000000;58645
5453;0.000000;58652
5460;0.000000;58659
5467;0.000000;58666
5474;0.000000;58673
5481;0.000000;58680
5488;0.000000;58687
5495;0.000000;58694
5502;0.000000;58701
5509;0.000000;58708
5516;0.000000;58715
5523;0.000000;58722
5530;0.000000;58729
5537;0.000000;58736
5544;0.000000;58743
5551;0.000000;58750
5558;0.000000;58757
5565;0.000000;58764
5572;0.000000;58771
5579;0.000000;58778
5586;0.000000;58785
5593;0.000000;58792
5600;0.000000;58799
5607;0.000000;58806
5614;0.000000;58813
5621;0.000000;58820
5628;0.000000;58827
5635;0.000000;58834
5642;0.000000;58841
5649;0.000000;58848
5656;0.000000;58855
5663;0.000000;58862
5670;0.000000;58869
5677;0.000000;58876
5684;0.000000;58883
5691;0.000000;58890
5698;0.000000;58897
5705;0.000000;58904
5712;0.000000;58911
5719;0.000000;58918
5726;0.000000;58925
5733;0.000000;58932
5740;0.000000;58939
5747;0.000000;58946
5754;0.000000;58953
5761;0.000000;58960
5768;0.000000;58967
5775;0.000000;58974
5782;0.000000;58981
5790;0.000000;58989
5797;0.000000;58996
5804;0.000000;59003
5811;0.000000;59010
5818;0.000000;59017
5825;0.000000;59024
5832;0.000000;59031
5839;0.000000;59038
5846;0.000000;59045
5853;0.000000;59052
5860;0.000000;59059
5867;0.000000;59066
5874;0.000000;59073
5881;0.000000;59080
5888;0.000000;59087
5895;0.000000;59094
5902;0.000000;59101
5909;0.000000;59108
5916;0.000000;59115
5923;0.000000;59122
5930;0.000000;59129
5937;0.000000;59136
5944;0.000000;59143
5951;0.000000;59150
5958;0.000000;59157
5965;0.000000;59164
5972;0.000000;59171
5979;0.000000;59178
5986;0.000000;59185
5993;0.000000;59192
6000;0.000000;59199
6007;0.000000;59206
6014;0.000000;59213
6021;0.000000;59220
6028;0.000000;59227
6035;0.000000;59234
6042;0.000000;59241
6049;0.000000;59248
6056;0.000000;59255
6063;0.000000;59262
6070;0.000000;59269
6077;0.000000;59276
6084;0.000000;59283
6091;0.000000;59290
6098;0.000000;59297
6105;0.000000;59304
6112;0.000000;59311
6119;0.000000;59318
6126;0.000000;59325
6133;0.000000;59332
6140;0.000000;59339
6147;0.000000;59346
6154;0.000000;59353
6161;0.000000;59360
6168;0.000000;59367
6175;0.000000;59374
6182;0.000000;59381
6189;0.000000;59388
6196;0.000000;59395
6203;0.000000;59402
6210;0.000000;59409
6217;0.000000;59416
6224;0.000000;59423
6231;0.000000;59430
6238;0.000000;59437
6245;0.000000;59444
6252;0.000000;59451
6259;0.000000;59458
6266;0.000000;59465
6273;0.000000;59472
6280;0.000000;59479
6287;0.000000;59486
6294;0.000000;59493
6301;0.000000;59500
6308;0.000000;59507
6315;0.000000;59514
6322;0.000000;59521
6330;0.000000;59529
6337;0.000000;59536
6344;0.000000;59543
6351;0.000000;59550
6358;0.000000;59557
6365;0.000000;59564
6372;0.000000;59571
6379;0.000000;59578
6386;0.000000;59585
6393;0.000000;59592
6400;0.000000;59599
6407;0.000000;59606
6414;0.000000;59613
6421;0.000000;59620
6428;0.000000;59627
6435;0.000000;59634
6442;0.000000;59641
6449;0.000000;59648
6456;0.000000;59655
6463;0.000000;59662
6470;0.000000;59669
6477;0.000000;59676
6484;0.000000;59683
6491;0.000000;59690
6498;0.000000;59697
6505;0.000000;59704
6512;0.000000;59711
6519;0.000000;59718
6526;0.000000;59725
6533;0.000000;59732
6540;0.000000;59739
6547;0.000000;59746
6554;0.000000;59753
6561;0.000000;59760
6568;0.000000;59767
6575;0.000000;59774
6582;0.000000;59781
6589;0.000000;59788
6596;0.000000;59795
6603;0.000000;59802
6610;0.000000;59809
6617;0.000000;59816
6624;0.000000;59823
6631;0.000000;59830
6638;0.000000;59837
6645;0.000000;59844
6652;0.000000;59851
6659;0.000000;59858
6666;0.000000;59865
6673;0.000000;59872
6680;0.000000;59879
6687;0.000000;59886
6694;0.000000;59893
6701;0.000000;59900
6708;0.000000;59907
6715;0.000000;59914
6722;0.000000;59921
6729;0.000000;59928
6736;0.000000;59935
6743;0.000000;59942
6750;0.000000;59949
6757;0.000000;59956
6764;0.000000;59963
6771;0.000000;59970
6778;0.000000;59977
6785;0.000000;59984
6792;0.000000;59991
6800;0.000000;59999
6807;0.000000;60006
6814;0.000000;60013
6821;0.000000;60020
6829;0.000000;60028
6836;0.000000;60035
6843;0.000000;60042
6850;0.000000;60049
6857;0.000000;60056
6864;0.000000;60063
6871;0.000000;60070
6878;0.000000;60077
6885;0.000000;60084
6892;0.000000;60091
6899;0.000000;60098
6906;0.000000;60105
6913;0.000000;60112
6920;0.000000;60119
6927;0.000000;60126
6934;0.000000;60133
6941;0.000000;60140
6948;0.000000;60147
6955;0.000000;60154
6962;0.000000;60161
6969;0.000000;60168
6976;0.000000;60175
6983;0.000000;60182
7006;0.000000;60205
7013;0.000000;60212
7020;0.000000;60219
7027;0.000000;60226
7034;0.000000;60233
7041;0.000000;60240
7048;0.000000;60247
7055;0.000000;60254
7062;0.000000;60261
7069;0.000000;60268
7076;0.000000;60275
7083;0.000000;60282
7090;0.000000;60289
7097;0.000000;60296
7104;0.000000;60303
7111;0.000000;60310
7118;0.000000;60317
7125;0.000000;60324
7132;0.000000;60331
7139;0.000000;60338
7146;0.000000;60345
7153;0.000000;60352
7160;0.000000;60359
7167;0.000000;60366
7174;0.000000;60373
7181;0.000000;60380
7188;0.000000;60387
7195;0.000000;60394
7202;0.000000;60401
7209;0.000000;60408
7216;0.000000;60415
7223;0.000000;60422
7230;0.000000;60429
7237;0.000000;60436
7244;0.000000;60443
7251;0.000000;60450
7258;0.000000;60457
7267;0.000000;60466
7274;0.000000;60473
7281;0.000000;60480
7288;0.000000;60487
7297;0.000000;60496
7304;0.000000;60503
7311;0.000000;60510
7318;0.000000;60517
7325;0.000000;60524
7332;0.000000;60531
7339;0.000000;60538
7346;0.000000;60545
7353;0.000000;60552
7360;0.000000;60559
7367;0.000000;60566
7374;0.000000;60573
7381;0.000000;60580
7388;0.000000;60587
