ID;VALUE;TIMESTAMP
0;414.978027;53199
1;414.886475;53200
2;414.916992;53201
3;414.825439;53202
4;415.191650;53203
5;414.916992;53204
6;415.161133;53205
7;414.886475;53206
8;415.008545;53207
9;414.978027;53208
10;414.978027;53209
11;415.252686;53210
12;414.978027;53211
13;414.855957;53212
14;414.825439;53213
15;415.039063;53214
16;415.008545;53215
17;415.039063;53216
18;415.130615;53217
19;415.008545;53218
20;414.794922;53219
21;415.100098;53220
22;415.130615;53221
23;414.825439;53222
24;415.069580;53223
25;415.161133;53224
26;414.886475;53225
27;415.100098;53226
28;414.916992;53227
29;414.886475;53228
30;414.978027;53229
31;414.916992;53230
32;415.100098;53231
33;415.008545;53232
34;414.794922;53233
35;415.008545;53234
36;415.039063;53235
37;415.100098;53236
38;415.008545;53237
39;414.886475;53238
40;415.039063;53239
41;414.855957;53240
42;414.916992;53241
43;414.916992;53242
44;415.161133;53243
45;415.039063;53244
46;414.916992;53245
47;415.161133;53246
48;415.008545;53247
49;414.855957;53248
50;414.855957;53249
51;414.764404;53250
52;415.039063;53251
53;415.008545;53252
54;414.855957;53253
55;415.008545;53254
56;415.008545;53255
57;415.130615;53256
58;414.916992;53257
59;414.886475;53258
60;414.916992;53259
61;414.916992;53260
62;415.039063;53261
63;415.100098;53262
64;415.191650;53263
65;414.916992;53264
66;414.764404;53265
67;414.886475;53266
68;414.916992;53267
69;415.039063;53268
70;415.161133;53269
71;415.069580;53270
72;415.039063;53271
73;414.916992;53272
74;415.161133;53273
75;414.703369;53274
76;414.916992;53275
77;415.039063;53276
78;415.039063;53277
79;415.069580;53278
80;414.916992;53279
81;415.069580;53280
82;415.008545;53281
83;414.886475;53282
84;414.916992;53283
85;414.886475;53284
86;415.008545;53285
87;415.008545;53286
88;414.978027;53287
89;415.008545;53288
90;415.008545;53289
91;414.886475;53290
92;415.161133;53291
93;415.008545;53292
94;414.978027;53293
95;415.130615;53294
96;415.039063;53295
97;414.916992;53296
98;414.886475;53297
99;414.978027;53298
100;415.100098;53299
101;415.039063;53300
102;415.100098;53301
103;415.069580;53302
104;414.916992;53303
105;415.008545;53304
106;414.916992;53305
107;414.825439;53306
108;415.069580;53307
109;415.069580;53308
110;414.855957;53309
111;414.886475;53310
112;414.764404;53311
113;415.100098;53312
114;415.069580;53313
115;415.100098;53314
116;414.855957;53315
117;414.794922;53316
118;415.069580;53317
119;414.916992;53318
120;414.855957;53319
121;415.100098;53320
122;415.008545;53321
123;414.886475;53322
124;414.794922;53323
125;415.039063;53324
126;415.252686;53325
127;415.069580;53326
128;414.978027;53327
129;415.069580;53328
130;415.100098;53329
131;415.039063;53330
132;414.978027;53331
133;414.886475;53332
134;415.069580;53333
135;414.886475;53334
136;415.252686;53335
137;415.069580;53336
138;414.978027;53337
139;415.008545;53338
140;414.764404;53339
141;414.855957;53340
142;414.825439;53341
143;415.039063;53342
144;415.130615;53343
145;414.886475;53344
146;415.069580;53345
147;414.978027;53346
148;415.100098;53347
149;414.886475;53348
150;415.039063;53349
151;415.100098;53350
152;415.039063;53351
153;415.039063;53352
154;414.916992;53353
155;414.916992;53354
156;415.008545;53355
157;414.855957;53356
158;414.916992;53357
159;414.825439;53358
160;415.039063;53359
161;415.283203;53360
162;415.039063;53361
163;415.161133;53362
164;414.978027;53363
165;414.794922;53364
166;414.825439;53365
167;414.825439;53366
168;415.008545;53367
169;415.161133;53368
170;415.039063;53369
171;415.069580;53370
172;414.825439;53371
173;414.886475;53372
174;414.886475;53373
175;414.886475;53374
176;414.916992;53375
177;415.008545;53376
178;414.916992;53377
179;414.825439;53378
180;414.916992;53379
181;414.733887;53380
182;414.855957;53381
183;415.008545;53382
184;415.283203;53383
185;414.886475;53384
186;414.916992;53385
187;415.008545;53386
188;414.855957;53387
189;415.069580;53388
190;415.069580;53389
191;415.069580;53390
192;414.794922;53391
193;414.916992;53392
194;414.978027;53393
195;414.978027;53394
196;414.855957;53395
197;414.855957;53396
198;415.039063;53397
199;415.008545;53398
200;414.886475;53399
201;414.978027;53400
202;415.130615;53401
203;414.855957;53402
204;415.039063;53403
205;415.100098;53404
206;415.161133;53405
207;414.855957;53406
208;415.039063;53407
209;415.039063;53408
210;415.039063;53409
211;415.008545;53410
212;415.161133;53411
213;415.100098;53412
214;414.886475;53413
215;414.886475;53414
216;414.794922;53415
217;414.916992;53416
218;415.161133;53417
219;415.130615;53418
220;414.855957;53419
221;414.886475;53420
222;415.191650;53421
223;414.916992;53422
224;414.916992;53423
225;414.855957;53424
226;414.978027;53425
227;415.008545;53426
228;414.916992;53427
229;415.008545;53428
230;415.161133;53429
231;415.130615;53430
232;415.008545;53431
233;414.794922;53432
234;415.008545;53433
235;414.825439;53434
236;414.886475;53435
237;415.100098;53436
238;415.039063;53437
239;415.069580;53438
240;415.069580;53439
241;414.886475;53440
242;414.916992;53441
243;415.069580;53442
244;415.008545;53443
245;415.039063;53444
246;415.130615;53445
247;414.916992;53446
248;414.855957;53447
249;414.794922;53448
250;415.008545;53449
251;415.100098;53450
252;415.191650;53451
253;414.916992;53452
254;415.069580;53453
255;414.916992;53454
256;414.978027;53455
257;415.252686;53456
258;415.008545;53457
259;414.886475;53458
260;415.039063;53459
261;415.100098;53460
262;415.130615;53461
263;415.130615;53462
264;415.100098;53463
265;414.886475;53464
266;414.611816;53465
267;414.886475;53466
268;414.886475;53467
269;415.069580;53468
270;415.039063;53469
271;415.069580;53470
272;414.764404;53471
273;414.794922;53472
274;415.008545;53473
275;414.978027;53474
276;415.039063;53475
277;415.008545;53476
278;415.008545;53477
279;414.916992;53478
280;414.978027;53479
281;414.916992;53480
282;414.916992;53481
283;415.069580;53482
284;415.008545;53483
285;414.916992;53484
286;414.916992;53485
287;414.855957;53486
288;414.916992;53487
289;415.161133;53488
290;415.069580;53489
291;415.039063;53490
292;415.008545;53491
293;414.794922;53492
294;414.855957;53493
295;414.886475;53494
296;415.039063;53495
297;414.886475;53496
298;415.039063;53497
299;415.039063;53498
300;414.886475;53499
301;415.039063;53500
302;414.916992;53501
303;415.069580;53502
304;415.130615;53503
305;415.008545;53504
306;415.008545;53505
307;414.916992;53506
308;415.039063;53507
309;415.100098;53508
310;414.916992;53509
311;414.855957;53510
312;414.886475;53511
313;415.100098;53512
314;415.039063;53513
315;414.886475;53514
316;415.161133;53515
317;414.825439;53516
318;415.100098;53517
319;414.978027;53518
320;414.978027;53519
321;414.916992;53520
322;415.130615;53521
323;414.978027;53522
324;415.039063;53523
325;415.069580;53524
326;414.886475;53525
327;415.039063;53526
328;414.916992;53527
329;415.008545;53528
330;415.008545;53529
331;415.069580;53530
332;415.039063;53531
333;415.069580;53532
334;414.886475;53533
335;414.855957;53534
336;415.039063;53535
337;414.825439;53536
338;415.161133;53537
339;415.039063;53538
340;415.039063;53539
341;414.916992;53540
342;414.855957;53541
343;414.794922;53542
344;415.008545;53543
345;414.855957;53544
346;415.069580;53545
347;415.252686;53546
348;414.916992;53547
349;414.916992;53548
350;414.978027;53549
351;415.100098;53550
352;415.069580;53551
353;414.978027;53552
354;414.978027;53553
355;415.100098;53554
356;414.978027;53555
357;414.825439;53556
358;414.855957;53557
359;415.039063;53558
360;414.916992;53559
361;415.039063;53560
362;415.069580;53561
363;415.039063;53562
364;414.855957;53563
365;414.855957;53564
366;415.069580;53565
367;414.916992;53566
368;415.161133;53567
369;415.069580;53568
370;415.008545;53569
371;414.916992;53570
372;414.916992;53571
373;414.825439;53572
374;414.886475;53573
375;415.008545;53574
376;415.008545;53575
377;415.069580;53576
378;415.039063;53577
379;415.130615;53578
380;415.039063;53579
381;414.886475;53580
382;415.069580;53581
383;415.069580;53582
384;414.978027;53583
385;415.039063;53584
386;415.100098;53585
387;414.855957;53586
388;414.825439;53587
389;414.825439;53588
390;414.978027;53589
391;414.978027;53590
392;414.916992;53591
393;415.130615;53592
394;415.100098;53593
395;414.916992;53594
396;414.978027;53595
397;415.100098;53596
398;414.978027;53597
399;415.039063;53598
400;415.069580;53599
401;414.825439;53600
402;415.039063;53601
403;415.069580;53602
404;415.069580;53603
405;415.191650;53604
406;414.916992;53605
407;414.733887;53606
408;414.703369;53607
409;414.825439;53608
410;414.978027;53609
411;415.283203;53610
412;414.978027;53611
413;415.069580;53612
414;414.886475;53613
415;414.855957;53614
416;414.794922;53615
417;414.825439;53616
418;414.855957;53617
419;414.825439;53618
420;414.886475;53619
421;415.161133;53620
422;414.978027;53621
423;415.039063;53622
424;414.825439;53623
425;415.039063;53624
426;415.130615;53625
427;414.855957;53626
428;415.100098;53627
429;415.130615;53628
430;415.069580;53629
431;414.855957;53630
432;414.886475;53631
433;415.039063;53632
434;415.069580;53633
435;415.100098;53634
436;415.039063;53635
437;415.069580;53636
438;415.008545;53637
439;415.191650;53638
440;415.039063;53639
441;415.161133;53640
442;415.069580;53641
443;414.886475;53642
444;415.008545;53643
445;414.916992;53644
446;415.100098;53645
447;415.069580;53646
448;414.916992;53647
449;415.130615;53648
450;415.008545;53649
451;415.039063;53650
452;414.825439;53651
453;414.825439;53652
454;414.886475;53653
455;415.100098;53654
456;415.069580;53655
457;414.978027;53656
458;414.733887;53657
459;415.039063;53658
460;415.130615;53659
461;414.855957;53660
462;415.039063;53661
463;415.130615;53662
464;414.978027;53663
465;414.794922;53664
466;414.886475;53665
467;414.825439;53666
468;415.191650;53667
469;415.191650;53668
470;414.855957;53669
471;414.916992;53670
472;414.916992;53671
473;414.916992;53672
474;414.825439;53673
475;414.978027;53674
476;415.008545;53675
477;415.008545;53676
478;414.978027;53677
479;415.039063;53678
480;415.008545;53679
481;415.039063;53680
482;415.191650;53681
483;414.916992;53682
484;415.100098;53683
485;415.039063;53684
486;414.916992;53685
487;414.764404;53686
488;414.886475;53687
489;415.039063;53688
490;415.191650;53689
491;415.069580;53690
492;414.886475;53691
493;414.916992;53692
494;414.886475;53693
495;414.916992;53694
496;414.825439;53695
497;414.916992;53696
498;414.825439;53697
499;415.161133;53698
500;415.130615;53699
501;415.008545;53700
502;414.825439;53701
503;415.069580;53702
504;414.825439;53703
505;415.008545;53704
506;415.039063;53705
507;415.313721;53706
508;415.100098;53707
509;415.069580;53708
510;414.855957;53709
511;414.916992;53710
512;415.100098;53711
513;414.825439;53712
514;415.100098;53713
515;414.825439;53714
516;415.039063;53715
517;414.916992;53716
518;414.855957;53717
519;414.886475;53718
520;414.978027;53719
521;414.794922;53720
522;414.916992;53721
523;414.916992;53722
524;415.069580;53723
525;415.100098;53724
526;415.161133;53725
527;415.100098;53726
528;414.886475;53727
529;414.794922;53728
530;414.703369;53729
531;415.039063;53730
532;415.039063;53731
533;415.008545;53732
534;414.916992;53733
535;414.916992;53734
536;415.069580;53735
537;415.161133;53736
538;415.191650;53737
539;414.916992;53738
540;414.764404;53739
541;414.886475;53740
542;415.008545;53741
543;415.130615;53742
544;414.916992;53743
545;415.039063;53744
546;415.008545;53745
547;415.100098;53746
548;414.886475;53747
549;414.886475;53748
550;415.069580;53749
551;414.886475;53750
552;415.069580;53751
553;414.978027;53752
554;415.008545;53753
555;415.130615;53754
556;415.008545;53755
557;415.008545;53756
558;415.069580;53757
559;414.916992;53758
560;414.978027;53759
561;414.794922;53760
562;414.855957;53761
563;414.978027;53762
564;415.008545;53763
565;415.069580;53764
566;415.100098;53765
567;414.978027;53766
568;414.978027;53767
569;414.916992;53768
570;414.978027;53769
571;414.825439;53770
572;414.855957;53771
573;415.069580;53772
574;414.855957;53773
575;414.978027;53774
576;415.069580;53775
577;415.161133;53776
578;414.886475;53777
579;414.886475;53778
580;414.764404;53779
581;414.886475;53780
582;415.039063;53781
583;415.008545;53782
584;415.100098;53783
585;415.008545;53784
586;415.130615;53785
587;415.039063;53786
588;415.039063;53787
589;415.008545;53788
590;414.703369;53789
591;414.978027;53790
592;414.916992;53791
593;415.069580;53792
594;414.886475;53793
595;415.252686;53794
596;415.039063;53795
597;414.916992;53796
598;415.008545;53797
599;414.825439;53798
600;415.100098;53799
601;414.978027;53800
602;414.916992;53801
603;415.069580;53802
604;414.886475;53803
605;414.978027;53804
606;415.100098;53805
607;414.825439;53806
608;414.978027;53807
609;414.825439;53808
610;414.855957;53809
611;415.008545;53810
612;415.130615;53811
613;414.886475;53812
614;414.855957;53813
615;415.069580;53814
616;415.039063;53815
617;415.100098;53816
618;415.039063;53817
619;414.886475;53818
620;414.916992;53819
621;415.008545;53820
622;415.100098;53821
623;415.283203;53822
624;415.008545;53823
625;414.886475;53824
626;415.008545;53825
627;415.100098;53826
628;415.069580;53827
629;415.130615;53828
630;415.100098;53829
631;414.978027;53830
632;414.916992;53831
633;414.794922;53832
634;415.069580;53833
635;414.916992;53834
636;415.161133;53835
637;415.161133;53836
638;415.069580;53837
639;415.069580;53838
640;415.039063;53839
641;414.978027;53840
642;414.794922;53841
643;415.069580;53842
644;415.039063;53843
645;415.008545;53844
646;414.978027;53845
647;414.855957;53846
648;414.916992;53847
649;415.069580;53848
650;415.039063;53849
651;414.855957;53850
652;415.039063;53851
653;415.008545;53852
654;415.069580;53853
655;415.283203;53854
656;415.008545;53855
657;415.008545;53856
658;414.916992;53857
659;414.733887;53858
660;414.855957;53859
661;414.978027;53860
662;414.978027;53861
663;414.916992;53862
664;415.252686;53863
665;415.069580;53864
666;415.161133;53865
667;415.008545;53866
668;415.100098;53867
669;414.916992;53868
670;414.855957;53869
671;414.886475;53870
672;414.916992;53871
673;415.008545;53872
674;415.039063;53873
675;415.039063;53874
676;415.008545;53875
677;414.855957;53876
678;414.825439;53877
679;415.008545;53878
680;415.161133;53879
681;414.886475;53880
682;414.886475;53881
683;415.039063;53882
684;414.916992;53883
685;415.008545;53884
686;414.978027;53885
687;414.886475;53886
688;414.916992;53887
689;414.978027;53888
690;414.916992;53889
691;414.916992;53890
692;415.008545;53891
693;415.069580;53892
694;415.283203;53893
695;414.978027;53894
696;414.794922;53895
697;414.886475;53896
698;415.069580;53897
699;415.069580;53898
700;414.916992;53899
701;415.069580;53900
702;415.130615;53901
703;415.069580;53902
704;414.794922;53903
705;415.008545;53904
706;415.039063;53905
707;415.039063;53906
708;415.008545;53907
709;415.008545;53908
710;415.008545;53909
711;415.191650;53910
712;414.794922;53911
713;415.130615;53912
714;414.825439;53913
715;414.916992;53914
716;414.825439;53915
717;415.161133;53916
718;414.855957;53917
719;415.100098;53918
720;414.794922;53919
721;414.978027;53920
722;414.825439;53921
723;415.008545;53922
724;414.886475;53923
725;415.130615;53924
726;414.855957;53925
727;415.344238;53926
728;415.069580;53927
729;414.916992;53928
730;414.825439;53929
731;414.916992;53930
732;415.069580;53931
733;414.886475;53932
734;415.039063;53933
735;415.191650;53934
736;414.916992;53935
737;414.764404;53936
738;415.008545;53937
739;414.825439;53938
740;415.161133;53939
741;414.855957;53940
742;414.886475;53941
743;415.039063;53942
744;415.161133;53943
745;414.886475;53944
746;414.825439;53945
747;415.008545;53946
748;414.733887;53947
749;414.978027;53948
750;415.161133;53949
751;415.252686;53950
752;414.916992;53951
753;414.886475;53952
754;414.855957;53953
755;414.886475;53954
756;414.978027;53955
757;415.069580;53956
758;415.069580;53957
759;415.069580;53958
760;415.008545;53959
761;414.978027;53960
762;414.855957;53961
763;414.886475;53962
764;414.886475;53963
765;414.978027;53964
766;414.916992;53965
767;414.855957;53966
768;415.008545;53967
769;415.008545;53968
770;414.978027;53969
771;414.825439;53970
772;414.855957;53971
773;415.069580;53972
774;415.161133;53973
775;415.008545;53974
776;415.161133;53975
777;415.252686;53976
778;414.855957;53977
779;414.855957;53978
780;414.886475;53979
781;414.916992;53980
782;415.008545;53981
783;415.008545;53982
784;415.039063;53983
785;414.886475;53984
786;414.978027;53985
787;415.008545;53986
788;415.008545;53987
789;414.978027;53988
790;415.069580;53989
791;414.794922;53990
792;415.008545;53991
793;414.916992;53992
794;415.008545;53993
795;414.825439;53994
796;415.069580;53995
797;415.069580;53996
798;415.069580;53997
799;415.039063;53998
800;415.161133;53999
801;415.039063;54000
802;415.100098;54001
803;415.069580;54002
804;414.794922;54003
805;415.069580;54004
806;414.886475;54005
807;414.855957;54006
808;414.825439;54007
809;414.916992;54008
810;415.191650;54009
811;415.100098;54010
812;415.008545;54011
813;415.039063;54012
814;414.855957;54013
815;414.886475;54014
816;414.886475;54015
817;415.008545;54016
818;415.069580;54017
819;415.008545;54018
820;415.069580;54019
821;415.069580;54020
822;415.008545;54021
823;414.703369;54022
824;414.794922;54023
825;414.886475;54024
826;415.100098;54025
827;415.039063;54026
828;414.978027;54027
829;415.313721;54028
830;415.191650;54029
831;414.978027;54030
832;414.978027;54031
833;414.825439;54032
834;414.978027;54033
835;415.069580;54034
836;414.916992;54035
837;415.008545;54036
838;415.100098;54037
839;415.039063;54038
840;414.978027;54039
841;414.886475;54040
842;414.825439;54041
843;414.886475;54042
844;415.130615;54043
845;415.008545;54044
846;414.916992;54045
847;414.978027;54046
848;415.161133;54047
849;415.039063;54048
850;415.100098;54049
851;414.886475;54050
852;414.855957;54051
853;415.069580;54052
854;415.161133;54053
855;414.916992;54054
856;414.978027;54055
857;415.313721;54056
858;415.039063;54057
859;414.794922;54058
860;414.886475;54059
861;414.916992;54060
862;415.039063;54061
863;414.978027;54062
864;414.916992;54063
865;414.733887;54064
866;415.008545;54065
867;414.978027;54066
868;415.008545;54067
869;414.855957;54068
870;415.008545;54069
871;414.886475;54070
872;415.008545;54071
873;414.855957;54072
874;414.916992;54073
875;414.916992;54074
876;414.886475;54075
877;414.886475;54076
878;414.916992;54077
879;414.978027;54078
880;414.978027;54079
881;414.855957;54080
882;415.130615;54081
883;415.100098;54082
884;414.794922;54083
885;414.764404;54084
886;414.733887;54085
887;414.978027;54086
888;414.764404;54087
889;415.313721;54088
890;414.825439;54089
891;414.886475;54090
892;414.916992;54091
893;415.008545;54092
894;415.008545;54093
895;414.886475;54094
896;414.916992;54095
897;414.978027;54096
898;414.916992;54097
899;415.161133;54098
900;415.069580;54099
901;414.916992;54100
902;414.886475;54101
903;414.916992;54102
904;414.916992;54103
905;414.855957;54104
906;414.916992;54105
907;415.069580;54106
908;415.161133;54107
909;414.855957;54108
910;414.764404;54109
911;415.008545;54110
912;414.978027;54111
913;414.916992;54112
914;414.916992;54113
915;414.855957;54114
916;415.008545;54115
917;415.039063;54116
918;415.008545;54117
919;414.794922;54118
920;415.069580;54119
921;415.008545;54120
922;414.978027;54121
923;415.191650;54122
924;414.978027;54123
925;414.978027;54124
926;414.825439;54125
927;415.039063;54126
928;414.978027;54127
929;415.161133;54128
930;415.008545;54129
931;415.130615;54130
932;414.916992;54131
933;414.916992;54132
934;414.916992;54133
935;414.886475;54134
936;414.886475;54135
937;414.855957;54136
938;415.100098;54137
939;414.794922;54138
940;415.039063;54139
941;415.008545;54140
942;414.855957;54141
943;415.069580;54142
944;414.916992;54143
945;414.886475;54144
946;414.794922;54145
947;415.039063;54146
948;415.161133;54147
949;415.069580;54148
950;415.069580;54149
951;415.069580;54150
952;415.069580;54151
953;415.039063;54152
954;414.916992;54153
955;414.916992;54154
956;415.069580;54155
957;414.642334;54156
958;415.008545;54157
959;414.978027;54158
960;414.978027;54159
961;415.039063;54160
962;414.916992;54161
963;414.855957;54162
964;415.039063;54163
965;415.100098;54164
966;415.069580;54165
967;415.130615;54166
968;415.100098;54167
969;414.794922;54168
970;415.039063;54169
971;415.039063;54170
972;415.008545;54171
973;415.008545;54172
974;414.855957;54173
975;414.825439;54174
976;414.916992;54175
977;414.764404;54176
978;415.191650;54177
979;414.886475;54178
980;414.978027;54179
981;414.916992;54180
982;414.916992;54181
983;414.886475;54182
984;414.825439;54183
985;415.069580;54184
986;414.916992;54185
987;415.008545;54186
988;414.855957;54187
989;415.069580;54188
990;415.069580;54189
991;415.069580;54190
992;414.916992;54191
993;414.886475;54192
994;414.886475;54193
995;414.733887;54194
996;414.978027;54195
997;414.978027;54196
998;415.008545;54197
999;414.886475;54198
1000;415.039063;54199
1001;414.916992;54200
1002;415.008545;54201
1003;415.161133;54202
1004;415.039063;54203
1005;414.916992;54204
1006;414.703369;54205
1007;414.886475;54206
1008;415.100098;54207
1009;414.886475;54208
1010;414.886475;54209
1011;415.191650;54210
1012;415.039063;54211
1013;415.008545;54212
1014;415.008545;54213
1015;415.008545;54214
1016;414.978027;54215
1017;415.069580;54216
1018;414.886475;54217
1019;414.916992;54218
1020;415.313721;54219
1021;414.916992;54220
1022;414.764404;54221
1023;414.886475;54222
1024;415.100098;54223
1025;415.130615;54224
1026;414.916992;54225
1027;415.039063;54226
1028;414.916992;54227
1029;414.794922;54228
1030;415.191650;54229
1031;415.130615;54230
1032;415.008545;54231
1033;415.039063;54232
1034;415.191650;54233
1035;415.069580;54234
1036;415.069580;54235
1037;415.069580;54236
1038;415.039063;54237
1039;415.100098;54238
1040;414.978027;54239
1041;415.039063;54240
1042;414.886475;54241
1043;414.916992;54242
1044;414.825439;54243
1045;414.886475;54244
1046;414.916992;54245
1047;415.039063;54246
1048;414.855957;54247
1049;414.886475;54248
1050;415.008545;54249
1051;415.191650;54250
1052;414.978027;54251
1053;414.916992;54252
1054;415.161133;54253
1055;415.039063;54254
1056;414.855957;54255
1057;415.008545;54256
1058;415.069580;54257
1059;414.916992;54258
1060;415.069580;54259
1061;415.039063;54260
1062;414.916992;54261
1063;415.039063;54262
1064;414.886475;54263
1065;414.916992;54264
1066;414.794922;54265
1067;414.886475;54266
1068;415.008545;54267
1069;415.161133;54268
1070;415.100098;54269
1071;414.794922;54270
1072;414.886475;54271
1073;415.069580;54272
1074;414.978027;54273
1075;415.069580;54274
1076;415.252686;54275
1077;415.161133;54276
1078;414.886475;54277
1079;414.764404;54278
1080;415.008545;54279
1081;414.978027;54280
1082;414.916992;54281
1083;414.978027;54282
1084;415.161133;54283
1085;414.855957;54284
1086;414.825439;54285
1087;414.825439;54286
1088;414.978027;54287
1089;415.039063;54288
1090;415.069580;54289
1091;415.069580;54290
1092;414.794922;54291
1093;414.855957;54292
1094;414.978027;54293
1095;415.130615;54294
1096;415.039063;54295
1097;415.100098;54296
1098;415.100098;54297
1099;414.978027;54298
1100;415.069580;54299
1101;414.855957;54300
1102;415.161133;54301
1103;414.855957;54302
1104;415.039063;54303
1105;414.794922;54304
1106;414.794922;54305
1107;415.039063;54306
1108;414.794922;54307
1109;415.100098;54308
1110;414.916992;54309
1111;415.039063;54310
1112;415.161133;54311
1113;415.100098;54312
1114;414.978027;54313
1115;414.916992;54314
1116;415.100098;54315
1117;414.978027;54316
1118;414.886475;54317
1119;414.886475;54318
1120;415.039063;54319
1121;414.916992;54320
1122;414.764404;54321
1123;414.978027;54322
1124;414.916992;54323
1125;415.069580;54324
1126;415.069580;54325
1127;415.069580;54326
1128;415.008545;54327
1129;414.825439;54328
1130;414.886475;54329
1131;415.008545;54330
1132;415.039063;54331
1133;414.978027;54332
1134;414.855957;54333
1135;415.191650;54334
1136;414.916992;54335
1137;415.100098;54336
1138;414.794922;54337
1139;415.008545;54338
1140;414.825439;54339
1141;415.069580;54340
1142;415.069580;54341
1143;414.978027;54342
1144;414.886475;54343
1145;415.100098;54344
1146;415.191650;54345
1147;414.825439;54346
1148;415.039063;54347
1149;414.886475;54348
1155;414.886475;54354
1163;415.069580;54362
1171;414.978027;54370
1179;414.978027;54378
1186;415.008545;54385
1195;415.069580;54394
1203;415.069580;54402
1211;414.886475;54410
1219;414.794922;54418
1227;414.916992;54426
1235;415.039063;54434
1242;415.008545;54441
1251;414.978027;54450
1258;414.855957;54457
1265;414.916992;54464
1272;415.252686;54471
1281;415.191650;54480
1289;415.069580;54488
1296;414.855957;54495
1303;414.855957;54502
1310;414.855957;54509
1317;414.916992;54516
1326;415.008545;54525
1335;414.916992;54534
1342;415.130615;54541
1350;414.978027;54549
1357;415.069580;54556
1365;415.100098;54564
1372;414.764404;54571
1379;415.039063;54578
1386;415.100098;54585
1393;414.825439;54592
1400;414.825439;54599
1408;414.764404;54607
1417;415.039063;54616
1425;415.008545;54624
1433;414.794922;54632
1440;415.069580;54639
1448;415.008545;54647
1455;415.069580;54654
1462;415.069580;54661
1470;415.069580;54669
1479;415.069580;54678
1486;415.008545;54685
1493;414.825439;54692
1501;414.916992;54700
1509;414.916992;54708
1518;415.130615;54717
1525;414.916992;54724
1532;415.069580;54731
1540;415.100098;54739
1547;414.855957;54746
1554;415.069580;54753
1561;415.069580;54760
1568;415.161133;54767
1575;415.039063;54774
1582;415.008545;54781
1590;415.008545;54789
1598;414.916992;54797
1605;414.978027;54804
1612;415.008545;54811
1619;415.008545;54818
1626;414.825439;54825
1633;414.978027;54832
1640;415.161133;54839
1647;414.916992;54846
1654;415.130615;54853
1661;414.886475;54860
1668;414.916992;54867
1675;415.069580;54874
1682;415.008545;54881
1691;415.130615;54890
1698;415.039063;54897
1706;415.008545;54905
1715;415.039063;54914
1722;414.855957;54921
1729;414.978027;54928
1737;414.825439;54936
1744;414.794922;54943
1751;415.100098;54950
1759;415.039063;54958
1766;414.978027;54965
1774;414.916992;54973
1782;414.978027;54981
1789;414.886475;54988
1797;415.191650;54996
1805;414.855957;55004
1812;414.825439;55011
1819;414.978027;55018
1826;415.069580;55025
1834;415.069580;55033
1844;415.130615;55043
1851;414.978027;55050
1858;415.008545;55057
1865;414.916992;55064
1872;414.855957;55071
1879;414.886475;55078
1887;414.825439;55086
1894;415.008545;55093
1901;415.100098;55100
1908;414.886475;55107
1916;414.978027;55115
1924;415.130615;55123
1931;415.039063;55130
1938;415.008545;55137
1945;415.069580;55144
1952;415.069580;55151
1959;414.978027;55158
1966;414.855957;55165
1973;414.764404;55172
1980;414.794922;55179
1987;414.855957;55186
1994;415.069580;55193
2001;415.039063;55200
2008;415.039063;55207
2015;415.130615;55214
2022;414.978027;55221
2029;415.161133;55228
2037;414.886475;55236
2044;414.886475;55243
2052;414.825439;55251
2060;415.191650;55259
2068;415.008545;55267
2075;414.916992;55274
2082;414.978027;55281
2089;415.039063;55288
2096;414.978027;55295
2104;415.161133;55303
2111;415.008545;55310
2118;415.069580;55317
2125;414.916992;55324
2133;415.069580;55332
2141;414.978027;55340
2148;415.008545;55347
2156;415.100098;55355
2163;415.039063;55362
2170;415.161133;55369
2177;414.886475;55376
2184;415.008545;55383
2191;415.039063;55390
2198;414.703369;55397
2205;414.978027;55404
2212;414.764404;55411
2219;415.039063;55418
2227;414.978027;55426
2236;415.069580;55435
2243;415.008545;55442
2250;414.916992;55449
2258;415.039063;55457
2266;415.039063;55465
2273;415.069580;55472
2280;415.100098;55479
2287;414.916992;55486
2294;415.069580;55493
2302;415.130615;55501
2309;415.069580;55508
2316;415.008545;55515
2323;414.855957;55522
2331;414.886475;55530
2339;415.069580;55538
2346;414.978027;55545
2353;415.100098;55552
2360;415.039063;55559
2367;414.978027;55566
2374;415.161133;55573
2381;415.161133;55580
2388;414.794922;55587
2395;414.794922;55594
2402;414.978027;55601
2409;414.916992;55608
2417;414.855957;55616
2425;414.886475;55624
2432;415.069580;55631
2439;415.100098;55638
2446;415.069580;55645
2453;415.100098;55652
2461;414.916992;55660
2468;414.916992;55667
2475;415.008545;55674
2482;415.191650;55681
2489;415.069580;55688
2496;415.008545;55695
2503;415.039063;55702
2510;414.733887;55709
2517;414.978027;55716
2524;415.161133;55723
2531;415.039063;55730
2539;415.100098;55738
2546;414.916992;55745
2553;414.886475;55752
2560;415.252686;55759
2567;414.978027;55766
2574;414.886475;55773
2581;414.886475;55780
2588;414.916992;55787
2595;414.886475;55794
2602;414.825439;55801
2609;415.161133;55808
2616;415.161133;55815
2623;415.100098;55822
2630;414.916992;55829
2637;414.825439;55836
2644;415.008545;55843
2651;414.855957;55850
2658;414.916992;55857
2665;414.978027;55864
2672;414.886475;55871
2679;414.916992;55878
2686;415.039063;55885
2694;414.886475;55893
2701;414.825439;55900
2708;415.161133;55907
2715;415.069580;55914
2722;414.916992;55921
2729;414.825439;55928
2736;414.978027;55935
2743;415.008545;55942
2750;414.733887;55949
2757;414.916992;55956
2764;415.039063;55963
2771;415.130615;55970
2778;415.008545;55977
2785;414.916992;55984
2792;414.978027;55991
2799;414.916992;55998
2807;414.916992;56006
2814;414.916992;56013
2821;415.008545;56020
2828;415.008545;56027
2835;415.008545;56034
2843;415.069580;56042
2850;415.008545;56049
2857;414.764404;56056
2864;414.855957;56063
2871;415.283203;56070
2878;414.916992;56077
2885;414.794922;56084
2892;415.161133;56091
2899;414.916992;56098
2906;415.191650;56105
2914;415.100098;56113
2921;415.161133;56120
2928;415.069580;56127
2935;414.978027;56134
2942;414.916992;56141
2949;415.039063;56148
2956;414.855957;56155
2963;415.008545;56162
2970;415.100098;56169
2977;414.886475;56176
2984;415.130615;56183
2991;414.794922;56190
2998;415.039063;56197
3005;415.191650;56204
3012;415.069580;56211
3019;414.825439;56218
3026;414.978027;56225
3033;414.978027;56232
3040;415.374756;56239
3047;415.069580;56246
3054;415.069580;56253
3061;415.130615;56260
3068;415.161133;56267
3075;415.069580;56274
3082;415.100098;56281
3089;414.886475;56288
3096;415.039063;56295
3103;414.916992;56302
3110;415.039063;56309
3117;414.733887;56316
3124;414.733887;56323
3131;414.886475;56330
3138;415.008545;56337
3145;414.855957;56344
3152;414.825439;56351
3159;414.855957;56358
3166;415.039063;56365
3173;414.825439;56372
3180;414.855957;56379
3187;415.100098;56386
3194;414.886475;56393
3201;415.008545;56400
3209;415.069580;56408
3216;415.100098;56415
3223;415.130615;56422
3230;415.008545;56429
3237;414.916992;56436
3245;415.008545;56444
3252;415.008545;56451
3259;415.100098;56458
3266;414.916992;56465
3274;414.855957;56473
3281;415.161133;56480
3288;415.008545;56487
3295;414.916992;56494
3302;415.161133;56501
3309;414.825439;56508
3316;415.039063;56515
3323;415.069580;56522
3331;415.191650;56530
3338;414.886475;56537
3345;415.039063;56544
3352;415.008545;56551
3359;415.252686;56558
3366;415.039063;56565
3373;415.191650;56572
3380;415.069580;56579
3387;414.978027;56586
3394;415.130615;56593
3401;415.161133;56600
3408;415.069580;56607
3415;414.764404;56614
3422;415.039063;56621
3430;414.916992;56629
3437;415.039063;56636
3444;415.039063;56643
3451;414.703369;56650
3458;414.886475;56657
3466;414.886475;56665
3473;414.978027;56672
3480;414.825439;56679
3487;414.916992;56686
3494;415.039063;56693
3501;414.886475;56700
3508;415.100098;56707
3515;415.008545;56714
3522;414.825439;56721
3529;415.069580;56728
3536;415.008545;56735
3543;414.978027;56742
3550;414.886475;56749
3557;415.008545;56756
3564;414.916992;56763
3571;414.886475;56770
3578;414.916992;56777
3585;414.978027;56784
3592;415.039063;56791
3599;415.069580;56798
3606;415.100098;56805
3613;415.161133;56812
3620;414.855957;56819
3627;414.978027;56826
3634;414.916992;56833
3641;414.855957;56840
3648;415.069580;56847
3655;415.161133;56854
3662;414.855957;56861
3669;414.886475;56868
3676;415.161133;56875
3683;415.039063;56882
3690;414.703369;56889
3697;415.008545;56896
3704;414.916992;56903
3711;415.008545;56910
3718;415.069580;56917
3725;414.886475;56924
3732;414.886475;56931
3739;414.855957;56938
3746;415.100098;56945
3753;415.008545;56952
3760;415.069580;56959
3767;415.039063;56966
3774;414.916992;56973
3781;415.161133;56980
3788;414.916992;56987
3797;414.978027;56996
3804;415.130615;57003
3811;415.283203;57010
3818;415.039063;57017
3825;414.916992;57024
3832;415.069580;57031
3839;415.130615;57038
3846;414.794922;57045
3853;415.069580;57052
3861;414.886475;57060
3868;415.039063;57067
3875;414.886475;57074
3882;415.130615;57081
3889;415.008545;57088
3896;414.886475;57095
3903;414.794922;57102
3910;415.008545;57109
3917;415.100098;57116
3924;415.100098;57123
3931;414.733887;57130
3938;415.069580;57137
3945;414.794922;57144
3952;414.703369;57151
3959;414.764404;57158
3966;415.039063;57165
3973;414.978027;57172
3980;414.794922;57179
3987;415.008545;57186
3994;414.916992;57193
4001;414.794922;57200
4008;414.978027;57207
4015;415.161133;57214
4022;414.916992;57221
4029;414.916992;57228
4036;414.825439;57235
4043;414.886475;57242
4050;414.855957;57249
4057;414.825439;57256
4064;414.886475;57263
4071;414.855957;57270
4078;414.825439;57277
4085;414.978027;57284
4092;414.916992;57291
4099;415.008545;57298
4106;415.100098;57305
4113;415.039063;57312
4120;414.916992;57319
4127;415.039063;57326
4134;415.100098;57333
4141;414.855957;57340
4148;414.886475;57347
4155;414.733887;57354
4162;415.069580;57361
4169;414.886475;57368
4176;415.069580;57375
4183;414.916992;57382
4190;414.916992;57389
4197;415.008545;57396
4204;415.100098;57403
4211;415.039063;57410
4218;414.916992;57417
4225;414.855957;57424
4232;414.886475;57431
4239;415.069580;57438
4246;414.642334;57445
4253;414.916992;57452
4260;415.069580;57459
4267;415.069580;57466
4274;415.252686;57473
4281;414.886475;57480
4289;415.008545;57488
4296;414.916992;57495
4303;415.100098;57502
4310;414.794922;57509
4317;415.069580;57516
4324;414.886475;57523
4331;415.039063;57530
4338;415.161133;57537
4345;415.039063;57544
4352;414.855957;57551
4359;414.916992;57558
4366;415.100098;57565
4373;415.008545;57572
4380;415.130615;57579
4387;415.069580;57586
4394;415.100098;57593
4401;415.008545;57600
4408;414.764404;57607
4415;415.039063;57614
4422;415.252686;57621
4429;414.855957;57628
4436;415.008545;57635
4443;414.794922;57642
4450;414.916992;57649
4457;415.069580;57656
4464;414.916992;57663
4471;415.008545;57670
4478;415.008545;57677
4485;414.855957;57684
4492;414.978027;57691
4499;415.039063;57698
4506;414.825439;57705
4513;414.916992;57712
4520;414.978027;57719
4527;415.008545;57726
4534;415.008545;57733
4541;414.916992;57740
4548;414.886475;57747
4555;414.978027;57754
4562;414.886475;57761
4569;414.916992;57768
4576;415.039063;57775
4583;414.916992;57782
4590;414.825439;57789
4597;414.825439;57796
4604;415.100098;57803
4611;414.825439;57810
4618;414.916992;57817
4625;415.069580;57824
4632;414.855957;57831
4639;414.916992;57838
4646;414.916992;57845
4653;415.283203;57852
4660;414.978027;57859
4667;414.916992;57866
4674;415.130615;57873
4681;414.703369;57880
4688;415.069580;57887
4695;414.978027;57894
4702;415.100098;57901
4709;415.100098;57908
4716;414.916992;57915
4723;415.008545;57922
4730;415.008545;57929
4737;414.916992;57936
4744;414.764404;57943
4751;415.100098;57950
4758;414.916992;57957
4765;414.855957;57964
4772;414.886475;57971
4779;415.039063;57978
4786;415.008545;57985
4793;415.252686;57992
4800;415.130615;57999
4807;414.825439;58006
4814;415.039063;58013
4821;415.100098;58020
4829;414.886475;58028
4836;414.764404;58035
4843;415.039063;58042
4850;415.039063;58049
4857;415.039063;58056
4864;415.008545;58063
4871;414.855957;58070
4878;415.069580;58077
4885;414.978027;58084
4892;415.069580;58091
4899;414.886475;58098
4906;415.069580;58105
4913;414.916992;58112
4920;415.191650;58119
4927;414.764404;58126
4934;414.916992;58133
4941;415.069580;58140
4948;415.008545;58147
4955;414.916992;58154
4962;414.978027;58161
4969;414.733887;58168
4976;415.069580;58175
4983;415.100098;58182
4990;415.008545;58189
4997;414.764404;58196
5004;414.764404;58203
5011;415.008545;58210
5018;415.130615;58217
5025;414.794922;58224
5032;414.825439;58231
5039;415.130615;58238
5046;414.886475;58245
5053;414.978027;58252
5060;414.825439;58259
5104;415.039063;58303
5111;415.008545;58310
5118;415.008545;58317
5126;414.825439;58325
5133;414.886475;58332
5143;414.916992;58342
5150;414.855957;58349
5157;415.039063;58356
5164;415.130615;58363
5171;415.069580;58370
5178;415.039063;58377
5185;414.886475;58384
5192;414.916992;58391
5199;414.978027;58398
5206;414.978027;58405
5213;415.100098;58412
5220;414.886475;58419
5227;415.252686;58426
5234;415.069580;58433
5241;415.191650;58440
5248;415.008545;58447
5256;415.039063;58455
5263;414.886475;58462
5270;415.069580;58469
5277;414.916992;58476
5284;415.008545;58483
5291;415.130615;58490
5298;415.008545;58497
5310;415.130615;58509
5317;415.100098;58516
5325;415.130615;58524
5332;414.825439;58531
5339;414.916992;58538
5346;415.039063;58545
5353;414.978027;58552
5360;414.855957;58559
5367;414.916992;58566
5374;414.916992;58573
5381;414.855957;58580
5388;415.008545;58587
5395;414.825439;58594
5402;415.130615;58601
5409;414.978027;58608
5416;415.069580;58615
5423;415.008545;58622
5430;414.978027;58629
5437;415.039063;58636
5444;414.916992;58643
5451;415.039063;58650
5458;415.008545;58657
5465;414.978027;58664
5472;415.039063;58671
5479;415.039063;58678
5486;415.100098;58685
5493;415.039063;58692
5500;414.794922;58699
5507;415.161133;58706
5514;415.008545;58713
5521;415.008545;58720
5528;414.886475;58727
5535;415.008545;58734
5542;415.161133;58741
5549;415.008545;58748
5556;414.794922;58755
5563;414.916992;58762
5570;415.130615;58769
5577;414.916992;58776
5584;414.886475;58783
5591;415.100098;58790
5598;415.039063;58797
5605;415.008545;58804
5612;415.100098;58811
5619;414.886475;58818
5626;415.130615;58825
5633;415.069580;58832
5640;414.794922;58839
5647;415.008545;58846
5654;414.916992;58853
5661;415.130615;58860
5668;414.855957;58867
5675;414.978027;58874
5682;415.039063;58881
5689;415.161133;58888
5696;415.100098;58895
5703;415.283203;58902
5710;414.916992;58909
5717;414.855957;58916
5724;415.008545;58923
5731;415.039063;58930
5738;414.978027;58937
5745;414.916992;58944
5752;414.916992;58951
5759;415.008545;58958
5766;414.978027;58965
5773;414.794922;58972
5780;415.039063;58979
5788;414.855957;58987
5795;415.008545;58994
5802;414.764404;59001
5809;414.886475;59008
5816;414.978027;59015
5823;415.039063;59022
5830;415.008545;59029
5837;414.794922;59036
5844;414.978027;59043
5851;414.916992;59050
5858;414.855957;59057
5865;415.100098;59064
5872;415.100098;59071
5879;415.100098;59078
5886;415.008545;59085
5893;415.069580;59092
5900;414.916992;59099
5907;415.283203;59106
5914;415.008545;59113
5921;415.039063;59120
5928;414.794922;59127
5935;415.100098;59134
5942;415.039063;59141
5949;415.100098;59148
5956;415.008545;59155
5963;415.069580;59162
5970;415.100098;59169
5977;414.855957;59176
5984;415.008545;59183
5991;415.039063;59190
5998;414.855957;59197
6005;415.130615;59204
6012;414.764404;59211
6019;415.252686;59218
6026;414.855957;59225
6033;414.916992;59232
6040;414.886475;59239
6047;415.039063;59246
6054;414.855957;59253
6061;414.916992;59260
6068;415.069580;59267
6075;415.069580;59274
6082;415.069580;59281
6089;415.039063;59288
6096;414.794922;59295
6103;414.886475;59302
6110;414.978027;59309
6117;415.130615;59316
6124;414.886475;59323
6131;414.794922;59330
6138;415.039063;59337
6145;415.039063;59344
6152;415.161133;59351
6159;414.855957;59358
6166;415.008545;59365
6173;415.008545;59372
6180;414.916992;59379
6187;414.978027;59386
6194;414.825439;59393
6201;415.130615;59400
6208;415.161133;59407
6215;414.978027;59414
6222;415.069580;59421
6229;414.825439;59428
6236;415.039063;59435
6243;415.069580;59442
6250;414.916992;59449
6257;414.916992;59456
6264;415.039063;59463
6271;414.886475;59470
6278;415.130615;59477
6285;415.191650;59484
6292;414.978027;59491
6299;415.039063;59498
6306;414.886475;59505
6313;415.130615;59512
6320;414.764404;59519
6328;415.100098;59527
6335;414.794922;59534
6342;414.916992;59541
6349;415.130615;59548
6356;414.855957;59555
6363;415.161133;59562
6370;415.008545;59569
6377;415.069580;59576
6384;415.069580;59583
6391;414.916992;59590
6398;415.161133;59597
6405;415.039063;59604
6412;414.794922;59611
6419;414.855957;59618
6426;415.130615;59625
6433;415.008545;59632
6440;415.069580;59639
6447;415.008545;59646
6454;414.916992;59653
6461;415.039063;59660
6468;415.069580;59667
6475;415.069580;59674
6482;414.886475;59681
6489;415.191650;59688
6496;414.916992;59695
6503;415.069580;59702
6510;414.978027;59709
6517;415.008545;59716
6524;414.855957;59723
6531;415.069580;59730
6538;415.008545;59737
6545;415.039063;59744
6552;414.825439;59751
6559;415.069580;59758
6566;415.039063;59765
6573;414.886475;59772
6580;415.008545;59779
6587;415.069580;59786
6594;415.008545;59793
6601;414.855957;59800
6608;415.008545;59807
6615;415.008545;59814
6622;414.916992;59821
6629;415.008545;59828
6636;415.130615;59835
6643;414.886475;59842
6650;414.916992;59849
6657;415.069580;59856
6664;414.978027;59863
6671;415.069580;59870
6678;415.039063;59877
6685;414.916992;59884
6692;415.039063;59891
6699;415.039063;59898
6706;415.069580;59905
6713;415.039063;59912
6720;414.916992;59919
6727;414.978027;59926
6734;415.039063;59933
6741;414.916992;59940
6748;415.069580;59947
6755;414.794922;59954
6762;415.039063;59961
6769;415.161133;59968
6776;414.978027;59975
6783;414.855957;59982
6790;415.069580;59989
6797;415.008545;59996
6804;415.069580;60003
6811;415.069580;60010
6818;414.886475;60017
6825;414.855957;60024
6832;414.916992;60031
6839;414.916992;60038
6846;414.855957;60045
6853;414.794922;60052
6860;415.008545;60059
6867;414.886475;60066
6874;414.886475;60073
6881;415.069580;60080
6888;414.886475;60087
6895;415.039063;60094
6902;415.069580;60101
6909;415.008545;60108
6916;414.794922;60115
6923;414.855957;60122
6930;415.100098;60129
6937;415.191650;60136
6944;415.039063;60143
6951;415.008545;60150
6958;414.855957;60157
6965;415.069580;60164
6972;414.978027;60171
6979;414.978027;60178
7001;415.069580;60200
7008;415.008545;60207
7016;415.008545;60215
7023;415.039063;60222
7030;414.886475;60229
7037;414.978027;60236
7044;414.978027;60243
7051;415.069580;60250
7058;414.978027;60257
7065;414.978027;60264
7072;414.886475;60271
7079;415.039063;60278
7086;415.069580;60285
7093;414.886475;60292
7100;415.008545;60299
7107;414.916992;60306
7114;415.069580;60313
7121;415.039063;60320
7128;414.916992;60327
7135;414.916992;60334
7142;415.008545;60341
7149;415.039063;60348
7156;415.008545;60355
7163;415.039063;60362
7170;414.978027;60369
7177;415.039063;60376
7184;414.978027;60383
7191;414.916992;60390
7198;414.825439;60397
7205;415.161133;60404
7212;415.039063;60411
7219;415.039063;60418
7226;414.916992;60425
7233;415.191650;60432
7240;415.008545;60439
7247;415.069580;60446
7254;415.405273;60453
7264;415.008545;60463
7272;415.008545;60471
7279;415.039063;60478
7286;414.886475;60485
7293;414.794922;60492
7300;415.100098;60499
7307;414.855957;60506
7314;414.825439;60513
7321;415.069580;60520
7328;414.978027;60527
7335;415.130615;60534
7342;414.855957;60541
7349;415.069580;60548
7356;415.039063;60555
7363;414.855957;60562
7370;415.100098;60569
7377;414.886475;60576
7384;414.733887;60583
7391;414.978027;60590
